-2.905110269784927368e-02
6.674030423164367676e-02
6.476008892059326172e-02
6.606426090002059937e-03
-1.151774376630783081e-01
1.017206385731697083e-01
-2.189919352531433105e-03
-1.569518595933914185e-01
2.418453693389892578e-01
-1.107676476240158081e-01
2.659221291542053223e-01
4.788652807474136353e-02
-2.599861025810241699e-01
6.454494316130876541e-03
-6.274328380823135376e-02
1.339430660009384155e-01
-1.591496318578720093e-01
-1.373110562562942505e-01
-1.056914180517196655e-01
-8.950015902519226074e-02
-4.401030018925666809e-02
4.505703225731849670e-02
-4.457344487309455872e-02
-6.996168754994869232e-03
-1.550359129905700684e-01
-3.081694543361663818e-01
-2.421288564801216125e-02
-1.049421802163124084e-01
1.867232620716094971e-01
-1.235095262527465820e-01
-7.596202194690704346e-04
7.859134674072265625e-02
-1.736860126256942749e-01
-8.605992421507835388e-03
5.343764089047908783e-03
4.597155004739761353e-02
-7.061950117349624634e-02
-9.229813516139984131e-02
2.752386331558227539e-01
5.551176518201828003e-02
-1.833990365266799927e-01
5.631939321756362915e-02
-1.266387477517127991e-02
2.803435921669006348e-01
1.253093779087066650e-01
-4.910299926996231079e-02
9.934045374393463135e-02
-8.629237115383148193e-02
1.363750547170639038e-01
-3.061456084251403809e-01
2.742359973490238190e-02
1.473325043916702271e-01
1.165485084056854248e-01
7.125489413738250732e-02
8.101106435060501099e-02
-2.282245606184005737e-01
-3.089307434856891632e-02
1.806065589189529419e-01
-1.793957054615020752e-01
2.082039564847946167e-01
1.597366333007812500e-01
-3.598123043775558472e-02
-3.911576792597770691e-02
-1.111233234405517578e-02
1.613444387912750244e-01
6.147019192576408386e-02
-1.098493710160255432e-01
-1.287534832954406738e-01
1.406777501106262207e-01
-1.391798555850982666e-01
-4.383446276187896729e-02
1.252430081367492676e-01
-7.733996957540512085e-02
-2.264219820499420166e-01
-2.277824878692626953e-01
8.236894011497497559e-02
4.796049296855926514e-01
2.310058176517486572e-01
-2.187005877494812012e-01
-3.707427158951759338e-02
-3.423979878425598145e-02
-1.507350802421569824e-02
1.434171050786972046e-01
3.888759016990661621e-02
-4.855152964591979980e-02
-6.515366584062576294e-02
-1.121498867869377136e-01
1.837480627000331879e-02
2.475706636905670166e-01
9.033510833978652954e-02
-2.057039365172386169e-02
2.488783597946166992e-01
3.185796365141868591e-02
-1.191287487745285034e-02
-4.573934152722358704e-02
7.027900964021682739e-02
-1.347066015005111694e-01
-4.678350687026977539e-02
-1.202362924814224243e-01
-7.952217757701873779e-02
3.020197153091430664e-02
-1.105109229683876038e-03
4.412216320633888245e-02
1.163092628121376038e-01
-1.631637066602706909e-01
2.771273851394653320e-01
-5.040823668241500854e-02
-8.325009606778621674e-03
2.631050534546375275e-02
-3.925738856196403503e-04
-4.628343880176544189e-02
1.028427854180335999e-01
2.244834005832672119e-01
-2.657929658889770508e-01
2.059020102024078369e-01
1.594936549663543701e-01
7.401567697525024414e-02
1.056747287511825562e-01
7.182490080595016479e-02
-7.478538900613784790e-03
-5.096492357552051544e-03
-3.057019226253032684e-02
-2.083335071802139282e-01
-1.531800031661987305e-01
-2.382682077586650848e-02
-1.373403221368789673e-01
6.340411305427551270e-02
-9.586360305547714233e-03
