-2.574465982615947723e-02
5.557543784379959106e-02
1.957947760820388794e-02
-1.070542410016059875e-01
-1.154775395989418030e-01
2.762020006775856018e-02
1.204606518149375916e-02
-1.790996342897415161e-01
1.289724856615066528e-01
-6.787456572055816650e-02
1.230717748403549194e-01
2.572427690029144287e-02
-2.041694223880767822e-01
-4.083866626024246216e-02
6.921923905611038208e-02
8.640586584806442261e-02
-1.548056900501251221e-01
-1.528647392988204956e-01
-1.505006104707717896e-01
-1.185912191867828369e-01
-5.266992002725601196e-02
1.169608458876609802e-01
-3.590164473280310631e-03
-3.628342971205711365e-02
-5.726647377014160156e-02
-3.102639317512512207e-01
-1.402067989110946655e-01
-6.307135522365570068e-02
1.364297568798065186e-01
-8.585917949676513672e-02
1.174948085099458694e-02
-2.128413692116737366e-02
-1.838866174221038818e-01
-6.238125264644622803e-02
2.389959804713726044e-02
2.859508432447910309e-02
-1.453215181827545166e-01
-1.641341149806976318e-01
1.869107633829116821e-01
7.274304330348968506e-02
-1.770950406789779663e-01
4.913642257452011108e-02
7.009647041559219360e-02
2.806113660335540771e-01
1.878074407577514648e-01
1.809291541576385498e-02
1.525789499282836914e-02
-4.447028413414955139e-02
6.505411863327026367e-02
-1.829807013273239136e-01
9.895808249711990356e-02
1.095832437276840210e-01
1.754171103239059448e-01
9.716690331697463989e-02
2.507736161351203918e-02
-1.257632970809936523e-01
4.672378301620483398e-02
8.274862170219421387e-02
-1.946731805801391602e-01
9.591617435216903687e-02
1.762897223234176636e-01
-1.646121144294738770e-01
-3.349263966083526611e-02
-1.496143545955419540e-02
2.257803529500961304e-01
9.799248725175857544e-02
-1.197135597467422485e-01
-1.156780719757080078e-01
6.651207804679870605e-02
-1.856350302696228027e-01
-1.410290747880935669e-01
-5.850316211581230164e-02
-8.891180157661437988e-02
-9.018727391958236694e-02
-3.132728636264801025e-01
6.318356841802597046e-02
3.763928413391113281e-01
1.161223053932189941e-01
-2.368958890438079834e-01
-6.376367062330245972e-02
-4.104727506637573242e-02
1.963518373668193817e-02
1.170397922396659851e-01
1.680454611778259277e-01
-1.211800724267959595e-01
-5.630043894052505493e-02
-9.116750210523605347e-02
-1.700989156961441040e-02
2.075817435979843140e-01
-2.892392314970493317e-02
-5.670437589287757874e-02
2.158100605010986328e-01
4.577647149562835693e-02
1.403038669377565384e-02
3.363501280546188354e-02
8.285892009735107422e-02
-1.041200608015060425e-01
-4.939920827746391296e-02
-3.641510382294654846e-02
3.256177995353937149e-03
6.798947602510452271e-02
-1.016148328781127930e-01
1.662381179630756378e-02
2.061965316534042358e-01
-1.570174843072891235e-01
2.924286127090454102e-01
1.684943214058876038e-02
-3.682106360793113708e-02
6.721416115760803223e-02
-3.939794003963470459e-02
-1.521419081836938858e-02
-1.011165753006935120e-01
1.313069164752960205e-01
-2.117754667997360229e-01
1.486719697713851929e-01
2.360734194517135620e-01
-4.216078668832778931e-03
1.429009139537811279e-01
3.846067190170288086e-02
1.224213913083076477e-01
-5.453461036086082458e-02
6.235346943140029907e-02
-2.071532458066940308e-01
-1.030923500657081604e-01
-4.193987697362899780e-04
1.703759655356407166e-02
3.560975193977355957e-02
9.096100926399230957e-02
