-1.501127183437347412e-01
1.721939444541931152e-01
8.307415060698986053e-03
-3.059794381260871887e-02
-1.045489013195037842e-01
3.920684568583965302e-03
-1.016646064817905426e-02
-1.373787876218557358e-02
1.860726922750473022e-01
3.123942017555236816e-02
1.452080309391021729e-01
-9.090004116296768188e-02
-2.555677294731140137e-01
7.060013711452484131e-02
-8.495515584945678711e-02
3.154989331960678101e-02
-1.455911099910736084e-01
-5.584158003330230713e-02
-1.417339295148849487e-01
-1.277747154235839844e-01
9.522533416748046875e-02
8.181782811880111694e-02
1.736030355095863342e-02
2.179584652185440063e-02
-1.878558099269866943e-01
-2.243734747171401978e-01
-1.236992049962282181e-02
-1.962368488311767578e-01
4.901126027107238770e-02
-1.115205958485603333e-01
-3.117195330560207367e-02
-3.006066568195819855e-02
-2.236677110195159912e-01
-1.909420639276504517e-01
1.385472901165485382e-02
7.986144721508026123e-02
-4.567156732082366943e-02
1.233869977295398712e-02
1.553354263305664062e-01
-4.905981943011283875e-02
-1.171195283532142639e-01
9.605981409549713135e-02
9.078893810510635376e-02
3.282147645950317383e-01
1.547639816999435425e-01
1.163703128695487976e-01
-6.716463714838027954e-02
-2.058886364102363586e-02
9.927332401275634766e-02
-3.472557067871093750e-01
1.012232005596160889e-01
1.608238071203231812e-01
6.327792257070541382e-02
5.953013151884078979e-02
1.239144057035446167e-01
-2.388834953308105469e-01
3.572323918342590332e-02
8.622462302446365356e-02
-1.832882761955261230e-01
1.384035944938659668e-01
1.239434033632278442e-01
1.992419920861721039e-02
-4.765121638774871826e-02
-3.888337686657905579e-02
1.908298283815383911e-01
1.049969717860221863e-01
-1.184103041887283325e-01
-8.682258427143096924e-02
4.973161220550537109e-02
-1.552997529506683350e-01
4.676825553178787231e-02
9.409796446561813354e-02
-8.883625268936157227e-02
-1.661342680454254150e-01
-2.532169818878173828e-01
1.044940948486328125e-01
4.250176846981048584e-01
8.626923710107803345e-02
-1.373230665922164917e-01
2.979315072298049927e-02
-5.674628913402557373e-02
2.177471108734607697e-02
5.486380681395530701e-02
-1.740270107984542847e-02
-1.115352213382720947e-01
6.066663190722465515e-03
-1.049909889698028564e-01
7.235790044069290161e-02
1.293073296546936035e-01
-3.877747058868408203e-02
-1.402775105088949203e-02
2.163429111242294312e-01
6.283162161707878113e-03
-3.841423988342285156e-02
5.266220122575759888e-02
1.084716320037841797e-01
-1.922405362129211426e-01
-7.171577960252761841e-02
-1.237391084432601929e-01
7.352272421121597290e-02
1.202150285243988037e-01
-1.567848324775695801e-01
-6.754227727651596069e-02
9.618967026472091675e-02
-1.954222917556762695e-01
8.085888624191284180e-02
-5.445459485054016113e-02
-4.878642037510871887e-02
-7.384618371725082397e-02
-4.404486715793609619e-02
-9.451365470886230469e-02
2.318059280514717102e-02
2.282379418611526489e-01
-2.421776503324508667e-01
2.233790755271911621e-01
1.726142168045043945e-01
-6.093266978859901428e-02
1.229419708251953125e-01
6.879025697708129883e-02
-1.988958939909934998e-02
4.241765663027763367e-02
1.385495066642761230e-01
-1.791076958179473877e-01
-1.433023810386657715e-01
1.646812073886394501e-03
-7.572782039642333984e-02
-1.754669845104217529e-02
3.773729130625724792e-02
