-9.047076106071472168e-02
7.048323005437850952e-02
1.429559886455535889e-01
-6.964430212974548340e-02
-9.052218496799468994e-02
-6.595216691493988037e-02
-4.888924583792686462e-02
-8.108197897672653198e-02
1.295454055070877075e-01
-7.660799473524093628e-02
2.160995751619338989e-01
-3.251614794135093689e-02
-2.153736948966979980e-01
2.307061478495597839e-02
-3.460291028022766113e-02
4.515482485294342041e-02
-1.895055323839187622e-01
-7.996094971895217896e-02
-1.081690192222595215e-01
-1.162538900971412659e-01
-6.906220316886901855e-02
1.120550259947776794e-01
2.221225947141647339e-02
-5.100917816162109375e-02
-1.656674444675445557e-01
-2.989545166492462158e-01
-4.586102068424224854e-02
-4.214664176106452942e-02
1.163225993514060974e-01
-5.831976607441902161e-02
4.204098880290985107e-02
1.566701754927635193e-02
-2.429786920547485352e-01
-7.252828031778335571e-02
6.948754936456680298e-02
6.200472638010978699e-02
-4.557460546493530273e-02
-7.770274579524993896e-02
2.234777808189392090e-01
7.124678790569305420e-02
-1.771590709686279297e-01
-3.457053378224372864e-02
1.801254414021968842e-02
2.310967892408370972e-01
1.702356487512588501e-01
4.059927910566329956e-02
-1.396313123404979706e-02
-9.445454180240631104e-02
1.381033957004547119e-01
-2.502273619174957275e-01
8.341356366872787476e-02
1.468320339918136597e-01
1.304536014795303345e-01
5.437359586358070374e-02
1.209413260221481323e-01
-2.405321002006530762e-01
5.483136698603630066e-02
1.535387188196182251e-01
-1.779087781906127930e-01
1.227669194340705872e-01
4.259222745895385742e-02
-5.361116677522659302e-02
5.634814128279685974e-02
1.943925954401493073e-02
1.476654112339019775e-01
4.081210494041442871e-02
-8.732238411903381348e-02
-1.687725633382797241e-01
1.934484243392944336e-01
-1.561311930418014526e-01
-3.306216001510620117e-02
1.544473916292190552e-01
3.563387319445610046e-03
-1.666951179504394531e-01
-3.105996549129486084e-01
2.163527533411979675e-02
3.683508336544036865e-01
1.184543445706367493e-01
-2.477688342332839966e-01
-7.080778479576110840e-02
-3.006306476891040802e-02
-8.337349444627761841e-02
9.602145105600357056e-02
1.112723201513290405e-01
-1.238624155521392822e-01
-3.098085336387157440e-02
-8.007204532623291016e-02
-8.125673979520797729e-02
2.357019186019897461e-01
6.741511076688766479e-02
-1.121467128396034241e-01
2.258827388286590576e-01
-6.591173820197582245e-03
1.014972291886806488e-02
7.111193239688873291e-02
4.730931296944618225e-02
-1.876941919326782227e-01
-1.777117699384689331e-02
-7.920244336128234863e-02
-2.178824320435523987e-02
8.160995692014694214e-02
-1.389430314302444458e-01
-6.118127331137657166e-02
2.066338658332824707e-01
-2.150432616472244263e-01
2.151124626398086548e-01
-6.416514515876770020e-02
-8.311490714550018311e-02
-2.573545649647712708e-02
-1.415505446493625641e-02
-1.931081898510456085e-02
-4.966531880199909210e-03
1.937513053417205811e-01
-3.072804808616638184e-01
2.334409654140472412e-01
2.231117337942123413e-01
-9.543112479150295258e-03
1.832771450281143188e-01
5.841440707445144653e-02
6.103499792516231537e-03
3.293102607131004333e-02
5.795062705874443054e-02
-1.159275099635124207e-01
-1.876780092716217041e-01
-9.135225415229797363e-02
-1.228262782096862793e-01
3.966137021780014038e-02
3.863531723618507385e-02
