-1.804328262805938721e-01
5.190558359026908875e-02
-2.515461668372154236e-02
-1.887998916208744049e-02
-6.471686065196990967e-02
-1.023477502167224884e-02
1.268689148128032684e-02
-7.257024757564067841e-03
1.515147238969802856e-01
-6.536377966403961182e-02
1.427739560604095459e-01
3.605206310749053955e-02
-2.652400732040405273e-01
-5.690725147724151611e-02
1.443899143487215042e-02
1.365100890398025513e-01
-6.508907675743103027e-02
-9.691482037305831909e-02
-1.772195845842361450e-01
-1.195472553372383118e-01
-9.054334461688995361e-02
7.498536258935928345e-02
3.068488277494907379e-02
-8.957432955503463745e-02
-8.957920223474502563e-02
-3.813682794570922852e-01
-5.705627426505088806e-02
-1.138538718223571777e-01
7.169419899582862854e-03
-9.467348456382751465e-02
6.675473600625991821e-02
6.115741282701492310e-02
-1.113718524575233459e-01
-4.071597754955291748e-02
3.495328128337860107e-02
8.754011988639831543e-02
-6.576195359230041504e-02
9.760706685483455658e-03
1.872291862964630127e-01
1.215146109461784363e-01
-2.207885980606079102e-01
1.574290543794631958e-02
3.648517280817031860e-02
3.528837263584136963e-01
2.047346532344818115e-01
-6.639192812144756317e-03
5.837044119834899902e-02
-5.521062389016151428e-02
4.201409220695495605e-02
-2.223672121763229370e-01
1.129695326089859009e-01
6.126330047845840454e-02
1.464422941207885742e-01
8.309744298458099365e-02
1.507885158061981201e-01
-1.227008402347564697e-01
1.482979580760002136e-02
8.176139742136001587e-02
-1.655201464891433716e-01
4.514380916953086853e-02
7.076251506805419922e-02
-8.633755147457122803e-02
-6.581608951091766357e-02
-3.302226960659027100e-02
1.641741096973419189e-01
6.999842822551727295e-02
-1.024625748395919800e-01
-1.276980191469192505e-01
1.178494766354560852e-01
-1.695505529642105103e-01
-4.672174900770187378e-02
7.066560536623001099e-02
-6.515737622976303101e-02
-1.857915222644805908e-01
-3.089646697044372559e-01
1.273465007543563843e-01
3.405350148677825928e-01
1.958597302436828613e-01
-1.283648610115051270e-01
1.739550754427909851e-02
-1.777686923742294312e-02
-8.979424834251403809e-02
2.881372906267642975e-02
1.526450663805007935e-01
-7.403755933046340942e-02
-2.922810614109039307e-02
1.417721621692180634e-03
-1.802826300263404846e-03
1.464144140481948853e-01
-9.909171611070632935e-03
-9.290671348571777344e-02
1.100263297557830811e-01
-2.183501794934272766e-02
-3.326810896396636963e-02
-1.554451417177915573e-02
3.979416564106941223e-02
-1.301882714033126831e-01
-2.899521030485630035e-02
-4.417078197002410889e-02
-9.986591339111328125e-02
6.841655075550079346e-02
-1.676257699728012085e-01
2.597434446215629578e-02
4.866221919655799866e-02
-2.068851292133331299e-01
2.347685992717742920e-01
-2.704872190952301025e-02
-4.006712138652801514e-02
1.530089322477579117e-02
3.068477846682071686e-02
4.307441785931587219e-02
5.129898339509963989e-02
1.394696980714797974e-01
-2.404941767454147339e-01
2.547391355037689209e-01
2.436130642890930176e-01
-4.059001803398132324e-03
1.850559711456298828e-01
7.907643914222717285e-02
3.934720903635025024e-02
-2.115497365593910217e-03
8.012957870960235596e-02
-1.280469447374343872e-01
-1.191819310188293457e-01
-5.304415524005889893e-02
3.989878296852111816e-02
5.838129296898841858e-02
7.092212885618209839e-02
