-1.145050078630447388e-01
6.075289100408554077e-02
1.400882452726364136e-01
-6.801484152674674988e-03
-6.067374348640441895e-02
1.577365398406982422e-02
-4.240950942039489746e-02
-6.460962444543838501e-02
1.146629303693771362e-01
-8.524533361196517944e-02
1.071293503046035767e-01
1.736213453114032745e-02
-2.147905528545379639e-01
4.817097261548042297e-02
-2.179181948304176331e-02
3.446486592292785645e-02
-1.011430919170379639e-01
-5.862937122583389282e-02
-1.267010569572448730e-01
-1.110588237643241882e-01
-2.848278358578681946e-02
9.062980860471725464e-02
-1.456941943615674973e-02
-5.534755438566207886e-02
-1.072639226913452148e-01
-3.544116616249084473e-01
-1.159934550523757935e-01
-4.400391876697540283e-02
3.977917507290840149e-02
-3.444552794098854065e-02
3.251875191926956177e-02
-1.089679356664419174e-02
-1.292019188404083252e-01
-4.887968301773071289e-03
3.596472367644309998e-02
6.126868352293968201e-02
-6.507492810487747192e-02
-3.152842074632644653e-02
1.476551592350006104e-01
-4.287006333470344543e-03
-1.690570116043090820e-01
2.518036402761936188e-02
9.958811104297637939e-02
1.805860847234725952e-01
1.781530231237411499e-01
1.438976526260375977e-01
-3.647148981690406799e-02
-7.854301482439041138e-02
9.498680382966995239e-02
-1.850108057260513306e-01
1.272622197866439819e-01
1.839985102415084839e-01
9.227927774190902710e-03
9.800058603286743164e-02
1.171462684869766235e-01
-2.287058532238006592e-01
-3.157859668135643005e-03
9.075275808572769165e-02
-1.477799266576766968e-01
5.168096721172332764e-02
1.459948532283306122e-02
-6.176587939262390137e-02
-4.218328371644020081e-02
1.130119990557432175e-02
1.003097593784332275e-01
8.942871540784835815e-02
-1.327582895755767822e-01
-1.623321324586868286e-01
9.150044620037078857e-02
-1.915230900049209595e-01
2.503381669521331787e-02
4.570177942514419556e-02
-7.925766706466674805e-02
-1.675648987293243408e-01
-2.161721885204315186e-01
1.205511093139648438e-01
4.397761523723602295e-01
1.464782655239105225e-01
-8.900269865989685059e-02
4.539658129215240479e-02
-6.387952715158462524e-02
-1.003499627113342285e-01
5.406831949949264526e-02
1.036918833851814270e-01
-1.186168342828750610e-01
-5.107621103525161743e-02
-1.904107071459293365e-02
1.851819083094596863e-02
8.107644319534301758e-02
7.106781005859375000e-02
-3.482003509998321533e-02
1.893577128648757935e-01
-6.121426448225975037e-02
4.378597438335418701e-02
-9.026001207530498505e-03
8.043353259563446045e-02
-2.299400269985198975e-01
2.037366293370723724e-02
-6.725817918777465820e-02
-9.769433736801147461e-02
1.397701799869537354e-01
-6.080066412687301636e-02
4.880134761333465576e-02
1.145758628845214844e-01
-1.881210356950759888e-01
2.306716442108154297e-01
-2.055056020617485046e-02
2.068382501602172852e-02
9.066817164421081543e-02
1.924193650484085083e-02
-8.066255599260330200e-02
1.123465946875512600e-03
1.769182235002517700e-01
-2.533577382564544678e-01
1.929264068603515625e-01
1.462490856647491455e-01
-2.569749206304550171e-02
1.907275468111038208e-01
1.710553616285324097e-01
8.140651881694793701e-02
4.947737231850624084e-02
4.009672254323959351e-02
-1.916700005531311035e-01
-7.154943048954010010e-02
-2.144656702876091003e-02
-2.980958297848701477e-02
4.967767000198364258e-02
4.764690995216369629e-02
