-1.181649342179298401e-01
3.142853081226348877e-02
1.325134336948394775e-01
-4.933654516935348511e-02
-9.735351800918579102e-02
-9.049172699451446533e-02
-4.540685564279556274e-02
-1.026728898286819458e-01
1.629656255245208740e-01
-1.740155071020126343e-01
1.782458424568176270e-01
-8.267877995967864990e-02
-3.398627340793609619e-01
-4.836901091039180756e-03
-5.818714946508407593e-02
1.799637079238891602e-01
-1.999648064374923706e-01
-1.800193786621093750e-01
-1.280592679977416992e-01
-5.924626812338829041e-02
1.054083257913589478e-01
-3.304547443985939026e-02
-3.908999264240264893e-03
9.546589851379394531e-02
-1.768483370542526245e-01
-3.749164640903472900e-01
-1.024940833449363708e-01
3.686273843050003052e-02
-5.949842929840087891e-02
-1.907024979591369629e-01
4.917756468057632446e-02
1.472929269075393677e-01
-1.796883940696716309e-01
-2.069574780762195587e-02
-4.043704643845558167e-02
1.545257419347763062e-01
-1.612170971930027008e-02
-1.541270315647125244e-01
1.005210503935813904e-01
1.003480795770883560e-02
-2.845365405082702637e-01
-8.071906119585037231e-02
1.190580800175666809e-01
3.012578189373016357e-01
2.348050028085708618e-01
1.638548262417316437e-02
4.006399586796760559e-02
-4.032425582408905029e-02
9.784317761659622192e-02
-3.412443399429321289e-01
6.666474044322967529e-02
1.827214360237121582e-01
5.337436124682426453e-02
1.320289373397827148e-01
1.061543822288513184e-01
-2.546471059322357178e-01
3.895176947116851807e-02
1.487234234809875488e-01
-1.481854766607284546e-01
6.903249025344848633e-02
1.118397414684295654e-01
-1.648204177618026733e-01
3.597252070903778076e-02
-2.140284888446331024e-02
1.744771301746368408e-01
1.322930455207824707e-01
-1.725915819406509399e-01
-1.185691505670547485e-01
2.108177989721298218e-01
-1.876743882894515991e-01
-2.143505401909351349e-02
2.791118808090686798e-02
-1.732164621353149414e-01
-1.942825168371200562e-01
-3.787982165813446045e-01
-1.552385650575160980e-02
3.342809975147247314e-01
1.016479581594467163e-01
-1.324695646762847900e-01
1.569534465670585632e-02
-3.898856788873672485e-02
5.752708762884140015e-02
1.410215441137552261e-02
2.553398907184600830e-01
1.336072385311126709e-02
1.257198490202426910e-02
-1.354520171880722046e-01
9.777015447616577148e-02
1.242614910006523132e-01
1.892789453268051147e-02
-3.149532154202461243e-02
2.666243612766265869e-01
2.791534736752510071e-02
-1.176833957433700562e-01
5.845999717712402344e-02
1.352282166481018066e-01
-1.890284866094589233e-01
-1.114600431174039841e-02
-1.552273631095886230e-01
3.740191087126731873e-02
-7.696653716266155243e-03
-3.248590603470802307e-02
-5.718815699219703674e-02
1.035955697298049927e-01
-5.359206721186637878e-02
1.692025512456893921e-01
-7.522824220359325409e-03
2.144074067473411560e-02
-5.874393135309219360e-02
-6.481031328439712524e-02
-8.366828411817550659e-02
-7.894971966743469238e-02
7.561922818422317505e-02
-2.677030563354492188e-01
1.170493587851524353e-01
2.215114980936050415e-01
3.909219056367874146e-02
1.648699790239334106e-01
2.611902728676795959e-02
1.506653428077697754e-01
6.055776774883270264e-02
-4.434545710682868958e-02
-1.078214645385742188e-01
-2.873155288398265839e-02
-3.901781514286994934e-02
-1.657381653785705566e-02
-4.515007510781288147e-02
3.933362662792205811e-02
