-1.087984964251518250e-01
-8.236575871706008911e-03
5.320598557591438293e-02
-6.765205413103103638e-02
-1.504471451044082642e-01
-2.201120927929878235e-02
-8.487464860081672668e-03
-1.450347900390625000e-01
1.607291251420974731e-01
-8.412259817123413086e-02
1.534348726272583008e-01
-3.674429655075073242e-02
-2.033841311931610107e-01
6.105425953865051270e-02
-1.471451371908187866e-01
1.186553835868835449e-01
-2.189797013998031616e-01
-2.162729054689407349e-01
-2.005589194595813751e-02
-3.953388333320617676e-02
1.354526430368423462e-01
-6.569584459066390991e-02
4.001849144697189331e-02
1.540401279926300049e-01
-1.847801506519317627e-01
-2.366159856319427490e-01
-1.452426612377166748e-01
-9.101659059524536133e-02
1.703492552042007446e-01
-4.276417568325996399e-02
-1.343591883778572083e-02
3.195207938551902771e-02
-1.983103603124618530e-01
5.354745686054229736e-02
-4.477770067751407623e-03
7.728690654039382935e-02
1.129808276891708374e-02
-2.225628197193145752e-01
2.289834916591644287e-01
-1.791414618492126465e-02
-2.792992889881134033e-01
1.593090221285820007e-02
6.846173107624053955e-02
2.060821056365966797e-01
2.306460589170455933e-01
1.780870929360389709e-02
6.359917670488357544e-02
-8.016694337129592896e-04
1.053044945001602173e-01
-2.769942581653594971e-01
1.257431507110595703e-01
2.092530131340026855e-01
1.469894945621490479e-01
2.085999771952629089e-02
6.448545306921005249e-02
-2.004716396331787109e-01
-6.354878656566143036e-03
1.860886812210083008e-01
-1.920828074216842651e-01
1.190131381154060364e-01
4.198958352208137512e-02
-4.201713204383850098e-02
9.845281392335891724e-02
-6.945779174566268921e-02
8.308121562004089355e-02
1.592445075511932373e-01
-8.701241016387939453e-02
-1.553486883640289307e-01
2.900952696800231934e-01
-2.381782233715057373e-01
-4.988667089492082596e-03
1.311118602752685547e-01
-1.726173013448715210e-01
-2.161004841327667236e-01
-1.685800999402999878e-01
4.495114088058471680e-03
4.905207455158233643e-01
2.442341893911361694e-01
-5.994512513279914856e-02
6.799165904521942139e-02
-2.801875025033950806e-02
-6.755805574357509613e-03
2.250937744975090027e-03
1.319448798894882202e-01
-1.617469638586044312e-02
-3.046882338821887970e-02
-1.564332544803619385e-01
3.819199651479721069e-02
2.108252197504043579e-01
-1.707113347947597504e-02
-2.293857187032699585e-02
2.490021884441375732e-01
2.121327258646488190e-02
-1.188080161809921265e-01
-2.162853255867958069e-03
8.876035362482070923e-02
-1.081406399607658386e-01
4.264342784881591797e-02
-5.159046500921249390e-02
-7.952142506837844849e-03
-5.765394866466522217e-02
1.506859622895717621e-02
7.678575348109006882e-03
1.040865033864974976e-01
-9.953685104846954346e-02
6.031264364719390869e-02
-8.521067351102828979e-02
-5.673776566982269287e-02
-1.179153993725776672e-01
-6.014423910528421402e-03
-5.606737360358238220e-02
-2.311140485107898712e-02
1.050942242145538330e-01
-2.526092827320098877e-01
1.273868829011917114e-01
1.749499291181564331e-01
1.338827796280384064e-02
1.217488795518875122e-01
-8.096724748611450195e-03
1.014121249318122864e-01
1.226972118020057678e-01
-9.638804942369461060e-02
-1.191555187106132507e-01
-1.003570109605789185e-01
-2.668184228241443634e-03
-8.954505622386932373e-02
3.435903787612915039e-02
6.154136359691619873e-02
