-1.030364856123924255e-01
2.066726684570312500e-01
1.362154781818389893e-01
-4.838701710104942322e-02
-1.227538362145423889e-01
5.658449977636337280e-02
-5.771276354789733887e-02
-2.672006934881210327e-02
4.214014485478401184e-02
7.373378612101078033e-04
2.649578452110290527e-01
6.046591326594352722e-03
-2.084042578935623169e-01
-7.606601715087890625e-02
-8.593004196882247925e-02
1.280551701784133911e-01
-1.164512112736701965e-01
-5.979922041296958923e-02
-1.351303607225418091e-01
-8.854963630437850952e-02
1.391988527029752731e-02
1.394103616476058960e-01
3.480803593993186951e-02
-4.242945462465286255e-02
-1.571491360664367676e-01
-2.588263154029846191e-01
-3.132068365812301636e-02
-6.942038983106613159e-02
-1.494772732257843018e-03
-1.793595999479293823e-01
1.334918010979890823e-02
4.684702679514884949e-02
-1.362784802913665771e-01
-2.643308974802494049e-02
3.588989004492759705e-02
-1.799854263663291931e-02
-7.014318555593490601e-02
-1.402315683662891388e-03
2.014282643795013428e-01
9.873850643634796143e-02
-1.998120248317718506e-01
1.214839443564414978e-01
1.990651898086071014e-02
3.508096933364868164e-01
2.837110161781311035e-01
-5.078105721622705460e-03
-1.849080808460712433e-02
3.719329833984375000e-03
1.110075488686561584e-01
-2.583080232143402100e-01
3.879592195153236389e-02
1.800184696912765503e-01
9.620074927806854248e-02
2.790440618991851807e-02
7.474849373102188110e-02
-7.440970093011856079e-02
-3.288080543279647827e-02
1.632480174303054810e-01
-1.364469528198242188e-01
7.832391560077667236e-02
3.386746719479560852e-02
-2.214075475931167603e-01
2.432766184210777283e-02
-3.862629644572734833e-03
1.187634617090225220e-01
8.424753695726394653e-02
-8.169138431549072266e-02
-1.509981006383895874e-01
1.583137512207031250e-01
-8.820796757936477661e-02
-6.802576035261154175e-02
1.080187708139419556e-01
-9.823827445507049561e-02
-1.207202300429344177e-01
-2.675457000732421875e-01
7.728931307792663574e-02
3.774891197681427002e-01
1.302947252988815308e-01
-2.303175777196884155e-01
1.052911020815372467e-02
-8.514038473367691040e-02
3.675251826643943787e-02
6.437071412801742554e-02
8.109196275472640991e-02
-8.908218890428543091e-02
-6.594859063625335693e-02
-7.829574495553970337e-02
-4.042191058397293091e-02
2.044989913702011108e-01
-2.459402941167354584e-02
-1.012970358133316040e-01
2.678017020225524902e-01
2.425599656999111176e-02
-2.541312947869300842e-02
1.110892891883850098e-01
-1.344244927167892456e-02
-8.163513243198394775e-02
-8.486055582761764526e-02
-8.198919147253036499e-02
-3.832500427961349487e-02
-3.635802492499351501e-02
-2.027873396873474121e-01
-7.901299744844436646e-03
1.228393018245697021e-01
-1.770147532224655151e-01
1.573813110589981079e-01
-2.299930527806282043e-02
3.778832405805587769e-02
-3.912629932165145874e-02
1.966694183647632599e-02
-8.963913656771183014e-03
1.647710613906383514e-02
1.607996374368667603e-01
-2.562166154384613037e-01
2.470040023326873779e-01
1.745906323194503784e-01
-1.560987625271081924e-02
1.144216954708099365e-01
1.582629829645156860e-01
3.978395462036132812e-02
-1.582519337534904480e-02
1.073077879846096039e-02
-6.370477844029664993e-03
-1.499948948621749878e-01
3.582469373941421509e-02
-1.661184243857860565e-02
1.032813861966133118e-01
2.764274738729000092e-02
