-2.701516449451446533e-02
2.027931213378906250e-01
1.698964089155197144e-02
-5.553929507732391357e-02
1.755220443010330200e-02
7.076042704284191132e-03
-1.025550961494445801e-01
-8.756937086582183838e-02
2.093489617109298706e-01
-1.424860209226608276e-01
2.309243977069854736e-01
3.532899916172027588e-02
-1.941924840211868286e-01
-1.223387494683265686e-01
5.056966841220855713e-02
1.359624564647674561e-01
-2.098892331123352051e-01
-6.498072296380996704e-02
-1.635903120040893555e-01
-4.958511888980865479e-02
2.437458746135234833e-02
3.989088162779808044e-02
1.080637276172637939e-01
4.246183857321739197e-02
-6.848477572202682495e-02
-3.400419950485229492e-01
-2.197621017694473267e-02
-1.489117145538330078e-01
2.672187611460685730e-02
-1.162640452384948730e-01
-7.379527390003204346e-02
-3.016615658998489380e-02
-1.791221648454666138e-01
-9.926217794418334961e-02
-2.332870103418827057e-02
-2.529750764369964600e-02
-8.957128971815109253e-03
-1.137412339448928833e-02
2.226615399122238159e-01
6.818094849586486816e-02
-1.330282837152481079e-01
1.201047301292419434e-01
-2.062196284532546997e-02
2.276741564273834229e-01
2.667882740497589111e-01
7.532119005918502808e-02
-2.811990678310394287e-03
-7.071559131145477295e-02
1.592236906290054321e-01
-2.527585327625274658e-01
6.248511373996734619e-03
1.822553575038909912e-01
8.583009988069534302e-02
5.493240803480148315e-02
1.147181838750839233e-01
-1.934155076742172241e-01
2.599612995982170105e-02
8.596688508987426758e-02
-1.210337579250335693e-01
2.924878522753715515e-02
4.045316576957702637e-02
-3.062594681978225708e-02
1.518804207444190979e-02
3.854848071932792664e-02
2.264377921819686890e-01
6.272577494382858276e-02
-1.319046169519424438e-01
-1.385215856134891510e-02
5.364350229501724243e-02
-4.048391431570053101e-02
7.078568451106548309e-03
3.370521590113639832e-03
-1.684659272432327271e-01
-1.811226010322570801e-01
-2.501745522022247314e-01
5.013822764158248901e-02
3.446698486804962158e-01
1.756555140018463135e-01
-2.096415013074874878e-01
5.637072026729583740e-03
-1.607237160205841064e-01
2.060524374246597290e-02
6.243367865681648254e-02
5.121045187115669250e-02
-8.676269650459289551e-02
-1.040531694889068604e-01
-3.860191255807876587e-02
1.396750099956989288e-02
9.526481479406356812e-02
2.753203175961971283e-02
-2.613484114408493042e-02
2.464379519224166870e-01
-2.089366689324378967e-02
5.618850886821746826e-02
-2.187748812139034271e-02
-1.103489194065332413e-02
-1.368036419153213501e-01
-5.217235535383224487e-02
-1.260197460651397705e-01
2.496156841516494751e-03
-3.310374170541763306e-02
-8.521025627851486206e-02
-1.837876625359058380e-02
9.111727029085159302e-02
-2.398252189159393311e-01
7.692083716392517090e-02
1.592952758073806763e-03
-1.368652097880840302e-02
1.474623195827007294e-02
1.096249222755432129e-01
-5.663036927580833435e-02
-2.458775229752063751e-02
8.898871392011642456e-02
-2.215918302536010742e-01
2.500212490558624268e-01
2.501977384090423584e-01
1.128746010363101959e-02
1.568503379821777344e-01
8.793892711400985718e-02
7.161459326744079590e-02
-3.308546543121337891e-02
5.152774602174758911e-02
-1.220273971557617188e-01
-1.238220781087875366e-01
2.622818760573863983e-02
6.790725886821746826e-02
6.910481303930282593e-02
1.030307728797197342e-03
