-6.783422082662582397e-02
1.313408017158508301e-01
8.007569611072540283e-02
-6.257184594869613647e-02
-1.548416763544082642e-01
-1.772899180650711060e-02
2.782213874161243439e-02
-9.430800378322601318e-02
1.782968193292617798e-01
1.020845398306846619e-02
2.034347951412200928e-01
-6.022356450557708740e-02
-2.733175754547119141e-01
-3.431344032287597656e-02
4.135460779070854187e-02
8.028253167867660522e-02
-2.020917236804962158e-01
-5.743563175201416016e-02
-1.327221542596817017e-01
-8.477118611335754395e-02
1.350263059139251709e-01
7.697632908821105957e-02
-8.078136481344699860e-03
1.731783896684646606e-02
-2.694599330425262451e-01
-3.909035921096801758e-01
-3.165910392999649048e-02
-9.922459721565246582e-02
1.163919717073440552e-01
-1.751552671194076538e-01
6.767532974481582642e-02
7.563178241252899170e-02
-1.578491032123565674e-01
-6.295762956142425537e-02
-3.172583132982254028e-02
8.913747221231460571e-02
-5.169598758220672607e-02
-8.772956579923629761e-02
1.830497235059738159e-01
5.077932029962539673e-02
-2.229928225278854370e-01
6.929352879524230957e-02
-2.799740992486476898e-02
2.564812600612640381e-01
2.083611339330673218e-01
4.158745519816875458e-03
1.175742894411087036e-01
-7.455344498157501221e-02
1.431450247764587402e-01
-2.761987149715423584e-01
1.201864629983901978e-01
1.269671320915222168e-01
6.846006959676742554e-02
7.189433276653289795e-02
1.722300052642822266e-01
-2.447979003190994263e-01
-6.129419058561325073e-02
1.445448994636535645e-01
-2.323427349328994751e-01
7.963016629219055176e-02
1.189749166369438171e-01
-3.313386067748069763e-02
2.056234888732433319e-02
-7.048875838518142700e-02
8.355472981929779053e-02
4.037958383560180664e-02
-8.905052393674850464e-02
-6.730679422616958618e-02
9.902737289667129517e-02
-1.506781131029129028e-01
-3.910000622272491455e-02
6.161042302846908569e-02
-8.837942034006118774e-02
-1.499718129634857178e-01
-3.684514164924621582e-01
7.328969240188598633e-02
3.553183078765869141e-01
1.100673973560333252e-01
-2.643826901912689209e-01
-8.104792237281799316e-02
-5.206394940614700317e-02
2.777808532118797302e-02
1.293711066246032715e-01
1.182845048606395721e-02
-3.972595185041427612e-02
-3.440128639340400696e-02
-1.143079400062561035e-01
5.047583580017089844e-02
1.467669308185577393e-01
-1.433048583567142487e-02
-6.572390440851449966e-03
2.847128808498382568e-01
5.853657424449920654e-02
-2.880341932177543640e-02
3.319871798157691956e-02
7.192134857177734375e-02
-2.031980454921722412e-01
-1.422262005507946014e-02
-3.865295276045799255e-02
1.973573490977287292e-02
8.646710962057113647e-02
-1.057675257325172424e-01
-1.403295248746871948e-02
1.110170111060142517e-01
-2.175521850585937500e-01
2.648822665214538574e-01
4.476296249777078629e-03
-2.665053494274616241e-02
-5.382047593593597412e-02
-7.665121555328369141e-02
-1.102953478693962097e-01
3.763877227902412415e-02
2.289700806140899658e-01
-2.930402457714080811e-01
1.886026412248611450e-01
2.224396020174026489e-01
-6.315802782773971558e-02
1.746760159730911255e-01
1.761708781123161316e-02
1.971702650189399719e-02
-4.398776218295097351e-02
2.216309309005737305e-02
-1.366096735000610352e-01
-6.011139228940010071e-02
2.490153163671493530e-02
-4.618105292320251465e-02
-2.892046049237251282e-02
2.986402995884418488e-02
