-1.450157612562179565e-01
6.377778947353363037e-02
9.804591536521911621e-02
-8.490035682916641235e-02
-7.587739080190658569e-02
-1.293237209320068359e-01
1.928254403173923492e-02
-1.225749999284744263e-01
1.482973396778106689e-01
-9.417388588190078735e-02
2.228751182556152344e-01
-1.473071128129959106e-01
-2.296246290206909180e-01
7.818514481186866760e-03
-9.161499142646789551e-02
1.793797612190246582e-01
-1.549133956432342529e-01
-1.189641878008842468e-01
-1.106374189257621765e-01
-6.520199030637741089e-02
7.640633732080459595e-02
-6.817767396569252014e-03
9.102979302406311035e-02
1.788751035928726196e-01
-7.773596048355102539e-02
-3.302773535251617432e-01
-9.520636498928070068e-02
-9.168279916048049927e-02
-2.613514289259910583e-02
-5.799259990453720093e-02
3.672521188855171204e-02
1.165368407964706421e-01
-2.632443308830261230e-01
-5.820972844958305359e-02
-4.369147866964340210e-02
8.528738468885421753e-02
2.947016991674900055e-02
-9.296974539756774902e-02
1.620084494352340698e-01
-1.952784135937690735e-02
-2.367482185363769531e-01
-6.220430880784988403e-02
1.023059263825416565e-01
2.385605275630950928e-01
1.438928842544555664e-01
2.615862153470516205e-02
3.022410720586776733e-02
-6.078655272722244263e-02
7.808966096490621567e-03
-2.597296535968780518e-01
5.824089050292968750e-03
9.296013414859771729e-02
6.486131995916366577e-02
2.842704206705093384e-02
1.152933016419410706e-02
-2.073528617620468140e-01
3.603979572653770447e-02
6.945816427469253540e-02
-1.392844468355178833e-01
1.392973866313695908e-02
2.652398496866226196e-02
-8.846776932477951050e-02
-1.922760158777236938e-02
-1.075756773352622986e-01
3.419997096061706543e-01
1.385722011327743530e-01
-1.423882246017456055e-01
-5.366756021976470947e-02
2.229534089565277100e-01
-1.757020354270935059e-01
-1.512086577713489532e-02
6.477464735507965088e-02
-1.018272563815116882e-01
-1.363622844219207764e-01
-2.938784956932067871e-01
-3.192487359046936035e-02
4.185016751289367676e-01
7.556081563234329224e-02
-1.880969852209091187e-01
9.484146535396575928e-02
-1.848033815622329712e-01
2.950369380414485931e-02
-4.326159507036209106e-02
1.703189611434936523e-01
-6.676912307739257812e-02
1.687988042831420898e-01
-8.819878101348876953e-02
6.461909972131252289e-03
1.848464906215667725e-01
-2.934779971837997437e-02
-1.437587849795818329e-02
2.937963902950286865e-01
1.639948040246963501e-02
-1.141081657260656357e-02
9.093796461820602417e-02
-2.539330348372459412e-02
-7.493513822555541992e-02
-7.660077512264251709e-02
-1.737133115530014038e-01
2.141513116657733917e-02
-7.204866409301757812e-02
-8.613643050193786621e-02
-8.856443315744400024e-02
3.165137767791748047e-02
-2.354315519332885742e-01
1.072095930576324463e-01
1.405818760395050049e-02
-7.338620722293853760e-02
-5.840826034545898438e-02
4.164670407772064209e-02
-6.422770768404006958e-02
-8.995816856622695923e-02
1.540049463510513306e-01
-2.711436450481414795e-01
1.177916601300239563e-01
1.802056729793548584e-01
5.704469978809356689e-02
2.193207889795303345e-01
6.534238904714584351e-02
1.551985889673233032e-01
-1.579789444804191589e-03
-1.937633007764816284e-02
-1.052418127655982971e-01
-2.571620047092437744e-02
1.287016570568084717e-01
-9.514655172824859619e-02
5.247225984930992126e-02
7.516773045063018799e-02
