-1.047406494617462158e-01
8.158014714717864990e-02
6.248167902231216431e-02
-8.734610863029956818e-03
-1.266465485095977783e-01
-4.896762780845165253e-03
-7.738146930932998657e-02
-9.880600124597549438e-02
1.414324790239334106e-01
-1.144362688064575195e-01
1.513987332582473755e-01
4.486269876360893250e-02
-2.356108278036117554e-01
-3.272163448855280876e-03
-1.290718745440244675e-02
8.815310895442962646e-02
-1.583516150712966919e-01
-5.935278534889221191e-02
-1.008443534374237061e-01
-9.745088964700698853e-02
-3.009121119976043701e-02
4.099743440747261047e-02
5.101581104099750519e-03
-3.734143078327178955e-02
-1.517360657453536987e-01
-1.915891468524932861e-01
-1.415500044822692871e-01
-1.602035164833068848e-01
8.767232298851013184e-02
-1.211345791816711426e-01
7.236853986978530884e-02
3.021055832505226135e-02
-8.940084278583526611e-02
-1.935249753296375275e-02
-4.867962561547756195e-03
1.060738861560821533e-01
-5.322507396340370178e-02
-1.163241453468799591e-03
2.687853276729583740e-01
-2.434668131172657013e-03
-1.705419421195983887e-01
-3.131579607725143433e-02
8.432114124298095703e-02
2.492402642965316772e-01
2.227895557880401611e-01
3.469378128647804260e-02
3.086858615279197693e-02
-4.114330559968948364e-02
1.670607179403305054e-01
-2.675699591636657715e-01
6.915259361267089844e-02
1.353307813405990601e-01
2.023321241140365601e-01
1.012462154030799866e-01
1.129008233547210693e-01
-1.999428123235702515e-01
6.694063544273376465e-02
1.519835889339447021e-01
-1.414674967527389526e-01
1.447134912014007568e-01
1.227232441306114197e-01
-1.523091942071914673e-01
-3.714999556541442871e-02
7.284111529588699341e-02
1.503359526395797729e-01
3.595044463872909546e-02
-5.388163775205612183e-02
-1.115625649690628052e-01
2.471613883972167969e-01
-1.941941231489181519e-01
-5.273460224270820618e-02
1.611558049917221069e-01
-1.025864258408546448e-01
-1.505563706159591675e-01
-2.834823131561279297e-01
-1.878827810287475586e-02
3.850682675838470459e-01
1.552653908729553223e-01
-8.879984915256500244e-02
-1.651695743203163147e-02
-7.273278385400772095e-02
-6.749319285154342651e-02
-1.019745785742998123e-02
3.075281530618667603e-02
-1.014604791998863220e-01
-1.406177282333374023e-01
-8.632252365350723267e-02
2.870068326592445374e-02
2.416204661130905151e-01
-5.932300537824630737e-02
9.665224701166152954e-02
1.704681068658828735e-01
7.069150358438491821e-02
-6.137048359960317612e-03
-5.196557566523551941e-02
4.884632304310798645e-03
-8.771368116140365601e-02
-6.178852170705795288e-02
-4.307167977094650269e-02
-1.761502027511596680e-02
6.301219016313552856e-02
-1.841236352920532227e-01
3.797215968370437622e-02
1.036447808146476746e-01
-2.764479219913482666e-01
1.818134635686874390e-01
-1.589144207537174225e-02
-6.166538596153259277e-02
-1.781865954399108887e-03
-1.178368739783763885e-02
-7.311527431011199951e-02
5.729313567280769348e-02
3.267672359943389893e-01
-2.097219228744506836e-01
1.973086893558502197e-01
2.378443479537963867e-01
-5.682364851236343384e-02
8.931100368499755859e-02
5.964758992195129395e-02
1.332284510135650635e-01
-5.296373367309570312e-02
-5.714222043752670288e-02
-1.912453323602676392e-01
-1.185727715492248535e-01
-6.375371664762496948e-02
-9.377124160528182983e-02
-3.381063416600227356e-02
6.312757730484008789e-02
