-8.386511355638504028e-02
7.241947948932647705e-02
6.966227293014526367e-02
-3.681529685854911804e-02
-8.074050396680831909e-02
2.546421624720096588e-02
-4.453104734420776367e-02
-1.357685774564743042e-01
8.609332889318466187e-02
-1.337956637144088745e-01
1.157966107130050659e-01
2.545645274221897125e-02
-2.271932661533355713e-01
-1.362556777894496918e-02
6.286080926656723022e-02
9.149573743343353271e-02
-8.636679500341415405e-02
-1.465001106262207031e-01
-1.842636018991470337e-01
-1.404986977577209473e-01
-7.836867868900299072e-02
2.598137035965919495e-02
-1.015948317945003510e-02
-7.819710671901702881e-02
-1.024217307567596436e-01
-2.869738340377807617e-01
-8.684340119361877441e-02
-7.195311784744262695e-02
1.301402598619461060e-01
2.740678610280156136e-04
7.062960416078567505e-03
-2.525977417826652527e-02
-1.789522916078567505e-01
-2.777818962931632996e-02
4.323863238096237183e-02
5.017489194869995117e-02
-5.258987471461296082e-02
-3.909350186586380005e-02
1.339218318462371826e-01
-4.944924265146255493e-02
-1.335192024707794189e-01
3.875170648097991943e-02
4.287405312061309814e-02
1.811817586421966553e-01
2.651077210903167725e-01
7.010991126298904419e-02
3.798054158687591553e-02
-8.448645472526550293e-02
1.122082695364952087e-01
-2.437836825847625732e-01
9.321895241737365723e-02
8.667264878749847412e-02
7.482551038265228271e-02
1.630757451057434082e-01
4.249174892902374268e-02
-1.091368570923805237e-01
-1.503293402493000031e-03
1.585218012332916260e-01
-2.200299799442291260e-01
1.488553285598754883e-01
1.088297888636589050e-01
-1.180830374360084534e-01
-7.335872203111648560e-02
-4.003195464611053467e-02
1.988373249769210815e-01
7.971505075693130493e-02
-1.512890309095382690e-01
-1.912517845630645752e-01
2.044016122817993164e-01
-2.132755368947982788e-01
-4.045936465263366699e-02
2.388797700405120850e-02
-6.425990909337997437e-02
-1.493412852287292480e-01
-2.305675894021987915e-01
1.439005881547927856e-01
3.554621934890747070e-01
2.155900448560714722e-01
-1.302559077739715576e-01
-2.483989298343658447e-02
-7.264354079961776733e-02
-4.108122736215591431e-02
2.791396155953407288e-02
2.767890878021717072e-02
-2.859296277165412903e-03
-1.841285079717636108e-01
7.021788042038679123e-03
-6.730408407747745514e-03
2.754728496074676514e-01
-2.831299602985382080e-02
-1.893764920532703400e-02
2.246838361024856567e-01
-1.610093936324119568e-02
-1.981493458151817322e-02
-6.610239297151565552e-02
1.243142262101173401e-01
-1.262877285480499268e-01
-8.007618598639965057e-04
-9.725886583328247070e-02
-1.369576249271631241e-02
1.934304833412170410e-02
-8.548517525196075439e-02
6.457124650478363037e-02
1.090447753667831421e-01
-1.074960753321647644e-01
2.744499444961547852e-01
-6.633138656616210938e-02
3.142024204134941101e-02
4.402142390608787537e-02
-2.518157707527279854e-03
-7.215835154056549072e-02
-4.194522276520729065e-02
1.799333095550537109e-01
-2.314540147781372070e-01
2.881195545196533203e-01
2.405498325824737549e-01
9.806203842163085938e-02
1.171662881970405579e-01
6.231344863772392273e-02
8.307150751352310181e-02
1.057038083672523499e-01
2.220748551189899445e-02
-1.855059266090393066e-01
-1.614091247320175171e-01
-2.246660180389881134e-03
-3.423680737614631653e-02
-2.460727468132972717e-02
1.141216605901718140e-01
