-4.725630208849906921e-02
1.275007873773574829e-01
8.656406402587890625e-02
-3.216212615370750427e-02
-1.470171511173248291e-01
6.688529253005981445e-02
-6.055311113595962524e-02
-3.810415044426918030e-02
1.326698511838912964e-01
-5.477805063128471375e-02
1.949887722730636597e-01
2.837645821273326874e-02
-1.768055856227874756e-01
-1.351756006479263306e-01
-7.030630856752395630e-02
7.268990576267242432e-02
-1.424326151609420776e-01
-1.920491158962249756e-01
-3.930503129959106445e-02
5.179692991077899933e-03
9.930448606610298157e-03
3.260386362671852112e-02
5.228807777166366577e-02
6.315880268812179565e-02
-1.381865590810775757e-01
-3.637886643409729004e-01
-3.736700117588043213e-02
-1.096198111772537231e-01
1.367681920528411865e-01
-1.779910624027252197e-01
-6.012011319398880005e-02
5.477133765816688538e-02
-2.137127518653869629e-01
-1.243970245122909546e-01
-2.274826169013977051e-03
1.127536073327064514e-01
-9.278801083564758301e-02
-1.460338681936264038e-01
2.001683264970779419e-01
7.734357565641403198e-02
-1.268313378095626831e-01
7.497271988540887833e-03
-1.505553629249334335e-02
3.015215694904327393e-01
1.112718731164932251e-01
3.393172100186347961e-02
4.965536296367645264e-02
-2.616881579160690308e-02
1.437019854784011841e-01
-2.423801571130752563e-01
7.022608071565628052e-02
1.557663083076477051e-01
2.200762778520584106e-01
1.267301440238952637e-01
7.978313416242599487e-02
-2.188283205032348633e-01
1.536473482847213745e-01
1.314199119806289673e-01
-2.444497346878051758e-01
1.137413680553436279e-01
-3.296622633934020996e-02
-9.071936458349227905e-02
8.803194016218185425e-02
-1.098335720598697662e-02
2.268920242786407471e-01
7.233300060033798218e-02
-9.636187925934791565e-03
-1.284714192152023315e-01
1.295909583568572998e-01
-7.907152920961380005e-02
-1.929085329174995422e-02
1.377266943454742432e-01
-4.892743751406669617e-02
-1.402665674686431885e-01
-1.854585260152816772e-01
4.672768712043762207e-02
2.743330299854278564e-01
2.181187421083450317e-01
-2.230832427740097046e-01
-3.024517744779586792e-02
-7.090308517217636108e-02
-2.506962418556213379e-02
2.369221113622188568e-02
6.152138113975524902e-02
-1.112435907125473022e-01
-2.617762424051761627e-02
-1.421666443347930908e-01
-4.640490561723709106e-02
1.401859521865844727e-01
4.247012734413146973e-02
-6.241947412490844727e-02
1.880318671464920044e-01
5.815263837575912476e-02
2.675761654973030090e-02
1.111306250095367432e-01
-2.933465875685214996e-02
-1.605694591999053955e-01
9.196469187736511230e-02
-4.649991542100906372e-02
3.315267339348793030e-02
8.546453900635242462e-03
-1.266460865736007690e-01
-3.389197215437889099e-02
4.243321344256401062e-02
-1.527034491300582886e-01
1.268087625503540039e-01
-4.073556140065193176e-02
-4.610720649361610413e-02
-2.480248734354972839e-02
-7.868620008230209351e-02
-1.184634864330291748e-01
-1.118545187637209892e-04
1.503933072090148926e-01
-3.696608841419219971e-01
2.744874060153961182e-01
1.941824257373809814e-01
3.534620627760887146e-02
2.121874541044235229e-01
9.823959320783615112e-02
3.901507332921028137e-02
-5.366309545934200287e-03
-8.622083812952041626e-02
-8.089468628168106079e-02
-1.144706234335899353e-01
9.343148022890090942e-02
-1.296065747737884521e-01
3.695067763328552246e-02
9.379161521792411804e-03
