-1.303296089172363281e-01
5.500888079404830933e-02
5.467854440212249756e-03
-8.682288229465484619e-03
-1.241687685251235962e-01
1.779169216752052307e-02
-3.853090107440948486e-02
-7.359595596790313721e-02
1.303863674402236938e-01
-1.125829592347145081e-01
1.572350114583969116e-01
-1.258907020092010498e-01
-2.656442224979400635e-01
-6.065432447940111160e-03
-3.795942664146423340e-02
2.338145822286605835e-01
-1.389043182134628296e-01
-2.230327874422073364e-01
-1.743740737438201904e-01
-8.860416710376739502e-02
6.622864305973052979e-02
-3.411164507269859314e-02
6.503800302743911743e-02
9.238892793655395508e-02
-2.072013169527053833e-01
-3.528354465961456299e-01
-7.496590912342071533e-02
-7.725203782320022583e-02
-5.038380622863769531e-02
-1.673098802566528320e-01
4.339898005127906799e-02
1.678248643875122070e-01
-1.226050630211830139e-01
4.099813848733901978e-02
1.375848334282636642e-02
2.286633849143981934e-01
-1.838571578264236450e-02
-8.265374600887298584e-02
1.699874848127365112e-01
5.950493738055229187e-03
-2.888706326484680176e-01
6.102627143263816833e-02
8.812978863716125488e-02
3.435619473457336426e-01
1.906514465808868408e-01
3.984760493040084839e-02
9.190055541694164276e-03
-4.489728808403015137e-02
8.281216770410537720e-02
-3.578201234340667725e-01
4.487927258014678955e-02
1.584895253181457520e-01
6.486696749925613403e-02
1.017761081457138062e-01
8.935204148292541504e-02
-1.824229359626770020e-01
1.028164923191070557e-01
1.259844899177551270e-01
-2.060685157775878906e-01
3.161195199936628342e-04
2.948305197060108185e-02
-1.262509822845458984e-01
7.081373594701290131e-03
-9.919671714305877686e-02
2.294569760560989380e-01
1.513687074184417725e-01
-1.328012347221374512e-01
-1.492782831192016602e-01
1.589532643556594849e-01
-1.183402612805366516e-01
-2.966715767979621887e-02
1.915955543518066406e-01
-1.650356054306030273e-01
-2.167789638042449951e-01
-3.183877170085906982e-01
-3.087249025702476501e-02
4.609227478504180908e-01
1.496737301349639893e-01
-1.387230455875396729e-01
4.108416289091110229e-02
-8.672789484262466431e-02
2.566951792687177658e-03
-4.799353331327438354e-02
1.286748349666595459e-01
-1.217730622738599777e-02
-1.874333620071411133e-02
-2.003102600574493408e-01
8.329988270998001099e-02
1.730806976556777954e-01
-8.217153698205947876e-02
-3.906326368451118469e-02
2.323438227176666260e-01
7.210839539766311646e-02
-2.082936093211174011e-02
-3.216130658984184265e-02
1.150737255811691284e-01
-1.638534218072891235e-01
-5.097081884741783142e-03
-1.398944258689880371e-01
-1.141220927238464355e-01
1.175576820969581604e-02
1.239571627229452133e-02
-4.483874514698982239e-02
4.169738665223121643e-02
-1.666117608547210693e-01
2.232062965631484985e-01
-1.977878995239734650e-02
-3.637557383626699448e-03
-7.815697789192199707e-02
-8.716539479792118073e-03
-3.037405759096145630e-02
4.752718284726142883e-02
1.538790613412857056e-01
-3.599654734134674072e-01
7.576201111078262329e-02
2.569135427474975586e-01
5.840576812624931335e-02
1.324070394039154053e-01
6.579771637916564941e-02
6.395760178565979004e-02
-2.261252328753471375e-02
-6.290812790393829346e-02
-2.380449026823043823e-01
-3.268969804048538208e-02
2.456597238779067993e-02
-7.323427591472864151e-03
-4.350233078002929688e-02
1.087060272693634033e-01
