-5.511370673775672913e-02
4.878718405961990356e-02
-1.028434839099645615e-02
-8.865036815404891968e-02
-1.251157969236373901e-01
-1.281379349529743195e-02
1.916952989995479584e-02
-7.384915649890899658e-02
7.588334381580352783e-02
-4.530835524201393127e-02
1.963595747947692871e-01
-6.262660026550292969e-03
-2.572539746761322021e-01
-6.125197932124137878e-02
4.949667491018772125e-03
2.992572076618671417e-02
-1.722213476896286011e-01
-1.260557174682617188e-01
-2.534046471118927002e-01
-3.625525534152984619e-02
2.926630340516567230e-02
3.073751553893089294e-02
3.505348786711692810e-02
3.865106403827667236e-02
-1.608308702707290649e-01
-2.773958742618560791e-01
-5.422142148017883301e-02
-2.123060971498489380e-01
6.052351742982864380e-02
-1.836099773645401001e-01
-1.695159636437892914e-02
-7.300893962383270264e-02
-1.806514710187911987e-01
-4.057642817497253418e-02
-6.563721597194671631e-02
-5.928969755768775940e-02
-8.294668793678283691e-02
-8.290387690067291260e-02
2.228593826293945312e-01
8.808890357613563538e-03
-1.925177872180938721e-01
1.061198562383651733e-01
1.478384807705879211e-02
2.301194518804550171e-01
2.090507894754409790e-01
6.996178999543190002e-03
8.428452908992767334e-02
-8.506456017494201660e-02
1.719255149364471436e-01
-2.923403680324554443e-01
1.118183583021163940e-01
1.139787137508392334e-01
1.532434374094009399e-01
7.229010760784149170e-02
9.443964064121246338e-02
-2.355314493179321289e-01
2.512698061764240265e-02
1.397095322608947754e-01
-2.288791239261627197e-01
2.060855925083160400e-01
2.863134630024433136e-02
-9.691101312637329102e-02
-3.323236852884292603e-02
-1.881418935954570770e-02
1.738236248493194580e-01
7.891384512186050415e-02
-9.651293605566024780e-02
-1.263348013162612915e-01
1.549950242042541504e-01
-1.872498095035552979e-01
-9.530317038297653198e-03
8.173430711030960083e-02
-7.257245481014251709e-02
-1.887852847576141357e-01
-2.189123034477233887e-01
2.559451200067996979e-02
3.580180406570434570e-01
1.073508411645889282e-01
-2.370367348194122314e-01
2.985776774585247040e-02
-1.924729496240615845e-01
-5.834461003541946411e-02
9.017848409712314606e-03
2.580093778669834137e-02
-7.249721884727478027e-02
-3.408838808536529541e-02
-1.576381623744964600e-01
3.943026810884475708e-02
2.250595092773437500e-01
-9.387305378913879395e-02
6.401383876800537109e-02
2.766282856464385986e-01
6.484336405992507935e-02
-6.279674917459487915e-02
8.371935784816741943e-02
3.104319795966148376e-02
-1.874871551990509033e-01
-2.299466542899608612e-02
7.214342243969440460e-03
8.719638735055923462e-02
9.504841640591621399e-03
-2.441986501216888428e-01
-4.745636880397796631e-02
-3.474476933479309082e-02
-1.775050163269042969e-01
2.173814177513122559e-01
-1.288546156138181686e-02
-4.317614808678627014e-02
-6.448010355234146118e-02
-1.100749373435974121e-01
-3.439991176128387451e-02
-9.315778501331806183e-03
1.945200711488723755e-01
-3.017521500587463379e-01
2.726521492004394531e-01
1.911018341779708862e-01
6.913130730390548706e-02
1.925951838493347168e-01
-4.057862795889377594e-03
5.450473725795745850e-02
-3.743360191583633423e-02
4.018377885222434998e-02
-1.910207420587539673e-01
-6.913363933563232422e-02
2.435335516929626465e-02
-2.969722077250480652e-02
-4.632877185940742493e-03
9.015951305627822876e-02
