-2.020646780729293823e-01
1.544387340545654297e-01
1.702055782079696655e-01
-1.583302617073059082e-01
-1.530173420906066895e-01
-4.339504987001419067e-02
-2.452655136585235596e-02
-8.978031575679779053e-02
1.862590461969375610e-01
-5.815498158335685730e-02
1.663129925727844238e-01
-1.624819636344909668e-02
-2.392100393772125244e-01
-3.947532176971435547e-02
2.734750322997570038e-02
1.900596916675567627e-01
-2.281594425439834595e-01
-1.805924475193023682e-01
-1.860486119985580444e-01
-1.309743523597717285e-01
-2.642912976443767548e-02
4.852317273616790771e-03
1.530227065086364746e-02
6.870424002408981323e-02
-2.250350713729858398e-01
-3.021419048309326172e-01
-4.646899551153182983e-02
-9.509668499231338501e-02
-9.719234891235828400e-03
-1.869207471609115601e-01
1.065353751182556152e-01
1.183531507849693298e-01
-1.685194373130798340e-01
-2.310309000313282013e-02
-3.451704233884811401e-02
1.246894896030426025e-01
-7.916149497032165527e-02
-1.372741907835006714e-01
2.033440619707107544e-01
-6.389245390892028809e-02
-2.644794583320617676e-01
-5.318789184093475342e-02
1.151904538273811340e-01
2.615461945533752441e-01
2.842162251472473145e-01
-4.389111325144767761e-02
9.855803847312927246e-02
-3.423908352851867676e-02
2.076864540576934814e-01
-3.328642249107360840e-01
-1.522623002529144287e-02
1.947850584983825684e-01
-8.961695246398448944e-03
1.279310584068298340e-01
9.523846954107284546e-02
-1.656520515680313110e-01
1.223867572844028473e-02
1.312131136655807495e-01
-1.771215498447418213e-01
7.074808329343795776e-02
9.277428686618804932e-02
-1.814162731170654297e-01
-5.092941224575042725e-02
-6.121139228343963623e-02
2.367789149284362793e-01
1.396279335021972656e-01
-2.035519331693649292e-01
-1.748512387275695801e-01
2.103710025548934937e-01
-1.235302984714508057e-01
-1.008633971214294434e-01
1.214816570281982422e-01
-1.920053213834762573e-01
-1.435561478137969971e-01
-3.985651731491088867e-01
3.285942599177360535e-02
3.765267133712768555e-01
7.717702537775039673e-02
-1.456608176231384277e-01
-2.624814212322235107e-02
-1.274047791957855225e-01
-3.656446933746337891e-04
-9.171587228775024414e-02
2.288334220647811890e-01
-5.504817515611648560e-02
-2.637168578803539276e-02
-9.468212723731994629e-02
9.555420279502868652e-02
2.333436459302902222e-01
-3.339034318923950195e-02
-2.797732129693031311e-02
2.340849936008453369e-01
8.931063115596771240e-02
-2.849013358354568481e-02
-7.761695981025695801e-02
1.621067821979522705e-01
-1.825899034738540649e-01
-5.164561420679092407e-02
-1.413661539554595947e-01
2.159811556339263916e-02
8.251834660768508911e-02
4.527483135461807251e-02
-1.659202203154563904e-02
1.772349029779434204e-01
-6.657493859529495239e-02
2.404928058385848999e-01
-3.756477031856775284e-03
1.753764599561691284e-02
-1.377762556076049805e-01
-4.809162393212318420e-02
-3.865779936313629150e-02
-4.562751948833465576e-02
1.456414163112640381e-01
-1.917516887187957764e-01
1.797823905944824219e-01
2.306805104017257690e-01
7.648156024515628815e-03
8.066627383232116699e-02
8.629697561264038086e-02
6.386406719684600830e-02
2.543170750141143799e-02
2.330313622951507568e-02
-7.683448493480682373e-02
-6.945719569921493530e-02
3.201913461089134216e-02
-5.188444629311561584e-03
-4.400387406349182129e-03
7.117887586355209351e-02
