-1.312852203845977783e-01
1.950529217720031738e-01
5.670993030071258545e-02
-7.283961772918701172e-02
-1.678855419158935547e-01
-6.827316433191299438e-02
-1.014257520437240601e-01
-1.029487252235412598e-01
1.512029021978378296e-01
1.142080873250961304e-01
2.736709713935852051e-01
-3.908089175820350647e-02
-2.655040919780731201e-01
6.973795592784881592e-03
-7.102605700492858887e-02
6.548890471458435059e-02
-1.985576301813125610e-01
-7.911035418510437012e-02
-1.122188474982976913e-02
-3.265175968408584595e-02
3.445585817098617554e-02
-6.084168795496225357e-03
5.765752866864204407e-02
1.265419125556945801e-01
-7.431834191083908081e-02
-2.882095873355865479e-01
-4.290676116943359375e-02
-1.300168335437774658e-01
1.408539861440658569e-01
-1.895949691534042358e-01
4.017500579357147217e-02
8.565914630889892578e-02
-2.960821092128753662e-01
-1.485593318939208984e-01
-9.021572768688201904e-04
7.842009514570236206e-02
-1.068714931607246399e-01
-1.128743439912796021e-01
2.512818872928619385e-01
-3.612014278769493103e-02
-6.382556259632110596e-02
8.103800937533378601e-03
2.112458460032939911e-03
2.816794514656066895e-01
1.440360844135284424e-01
5.262251198291778564e-02
1.395458355545997620e-03
-9.481888264417648315e-02
1.317533254623413086e-01
-2.284798026084899902e-01
6.796038150787353516e-02
2.702937722206115723e-01
1.681784987449645996e-01
5.781282112002372742e-02
-1.704402267932891846e-02
-1.706908643245697021e-01
1.283839643001556396e-01
1.313065290451049805e-01
-3.058262169361114502e-01
1.541290730237960815e-01
1.591939479112625122e-01
-2.505379356443881989e-02
-2.994365058839321136e-02
-1.144155487418174744e-01
2.067608982324600220e-01
7.745063304901123047e-02
-7.979874312877655029e-02
-1.314206868410110474e-01
7.955829799175262451e-02
-9.817633777856826782e-02
-6.023578718304634094e-02
1.364974975585937500e-01
-1.340399980545043945e-01
-2.329558134078979492e-01
-2.260172814130783081e-01
4.102531075477600098e-02
2.677284479141235352e-01
1.327198296785354614e-01
-2.270687818527221680e-01
-8.249552920460700989e-03
-9.565276652574539185e-02
-7.500711828470230103e-02
-8.371673524379730225e-03
-3.454725444316864014e-02
-8.752688765525817871e-02
-1.258281767368316650e-01
-1.549685448408126831e-01
4.516587592661380768e-03
2.048515081405639648e-01
-2.884835004806518555e-03
-9.241644293069839478e-03
2.672078013420104980e-01
3.616296872496604919e-02
1.468871161341667175e-02
-1.061467081308364868e-02
3.699049353599548340e-02
-1.207365468144416809e-01
2.172715216875076294e-02
-1.201473623514175415e-01
2.925994992256164551e-02
-4.038929473608732224e-03
-8.058197051286697388e-02
-8.906199783086776733e-02
6.636311113834381104e-02
-1.780923008918762207e-01
1.232759952545166016e-01
3.239914774894714355e-02
1.726765185594558716e-05
-4.879382997751235962e-02
-1.030417978763580322e-01
-2.042481005191802979e-01
-6.034257635474205017e-02
2.539078593254089355e-01
-2.754715383052825928e-01
3.510629534721374512e-01
1.621165275573730469e-01
9.654485434293746948e-02
7.911770790815353394e-02
7.630015164613723755e-02
3.940694779157638550e-02
1.505754236131906509e-02
-4.940653219819068909e-02
-1.314034014940261841e-01
-9.662266820669174194e-02
1.132144480943679810e-01
-1.203457489609718323e-01
1.303949393332004547e-03
1.186436507850885391e-02
