-2.095694690942764282e-01
1.569258868694305420e-01
9.844826161861419678e-02
-4.509018734097480774e-02
-1.322581470012664795e-01
4.033820331096649170e-02
-2.379126846790313721e-03
-5.696134641766548157e-02
9.564535319805145264e-02
-3.014410845935344696e-03
2.362014949321746826e-01
-8.606151491403579712e-02
-3.170604705810546875e-01
-4.805620759725570679e-02
-8.817486464977264404e-02
1.395082324743270874e-01
-1.539079546928405762e-01
-1.339567601680755615e-01
-1.226593330502510071e-01
-1.395308971405029297e-01
5.644956976175308228e-02
3.815710078924894333e-03
-3.463621810078620911e-02
1.609714701771736145e-02
-1.357327401638031006e-01
-3.055881857872009277e-01
1.083517726510763168e-02
-7.871888577938079834e-02
5.849555879831314087e-02
-1.340904086828231812e-01
-2.561777830123901367e-02
-4.512041062116622925e-02
-1.939289420843124390e-01
-5.306614190340042114e-02
-5.541624873876571655e-02
7.786029577255249023e-02
-1.038978919386863708e-01
-1.165712550282478333e-01
1.902250498533248901e-01
-2.880913577973842621e-02
-1.148101985454559326e-01
3.397822007536888123e-02
1.999266445636749268e-02
3.376819789409637451e-01
1.816036701202392578e-01
4.254141449928283691e-02
8.049106597900390625e-02
-5.770000815391540527e-02
1.257874518632888794e-01
-2.976011931896209717e-01
1.385999470949172974e-02
1.779476702213287354e-01
1.106556355953216553e-01
2.762406691908836365e-02
-6.467225030064582825e-03
-1.913885623216629028e-01
-2.854932472109794617e-02
1.987484246492385864e-01
-2.182463407516479492e-01
1.227688863873481750e-01
6.983933597803115845e-02
-1.079813092947006226e-01
-6.194348260760307312e-02
-1.227634698152542114e-01
2.077713757753372192e-01
1.017699912190437317e-01
-1.148707717657089233e-01
-9.833553433418273926e-02
1.573341190814971924e-01
-1.047955006361007690e-01
2.622456848621368408e-02
8.216676115989685059e-02
-1.027468740940093994e-01
-2.291796505451202393e-01
-2.125908881425857544e-01
9.209287911653518677e-02
4.537606835365295410e-01
1.457996219396591187e-01
-1.131261736154556274e-01
-4.625190049409866333e-03
-1.134284883737564087e-01
2.362019196152687073e-02
4.316123947501182556e-02
2.814051927998661995e-03
-1.344305872917175293e-01
-5.837898701429367065e-03
-1.553428769111633301e-01
9.514097124338150024e-02
2.178277671337127686e-01
-4.055069386959075928e-02
-2.413981221616268158e-02
1.941484659910202026e-01
6.858417391777038574e-02
-7.252646237611770630e-02
9.401744231581687927e-03
2.842742390930652618e-02
-1.220939084887504578e-01
1.259423233568668365e-02
-5.669782683253288269e-02
-1.501403655856847763e-02
4.917009547352790833e-02
-1.905965507030487061e-01
5.372492969036102295e-02
-8.222216740250587463e-03
-1.809819936752319336e-01
1.654802560806274414e-01
2.894168952479958534e-03
2.836116030812263489e-02
-6.196898594498634338e-02
-1.111801043152809143e-01
-6.457927823066711426e-02
6.777250021696090698e-02
2.253364175558090210e-01
-2.716504633426666260e-01
1.779279857873916626e-01
2.225109338760375977e-01
7.985030114650726318e-02
2.065617442131042480e-01
9.718781709671020508e-02
2.584212832152843475e-02
7.329881191253662109e-04
-1.952625624835491180e-02
-1.242167651653289795e-01
-7.312536984682083130e-02
4.588384553790092468e-02
-1.565196365118026733e-02
1.519402265548706055e-01
7.632221281528472900e-02
