-4.081021249294281006e-02
2.085325121879577637e-01
1.684365421533584595e-02
-5.013415217399597168e-02
-1.337230056524276733e-01
3.005260229110717773e-02
-1.062222644686698914e-01
-3.659419715404510498e-03
2.356932759284973145e-01
5.965503863990306854e-03
1.607843041419982910e-01
5.718171969056129456e-02
-2.417283058166503906e-01
6.988431513309478760e-02
-1.130964830517768860e-01
7.620757073163986206e-02
-9.481687098741531372e-02
-9.489865601062774658e-02
-7.270250469446182251e-02
-8.547645807266235352e-02
-4.597279429435729980e-02
1.093843132257461548e-01
3.161824494600296021e-02
8.841826021671295166e-02
-7.814257591962814331e-02
-2.838165760040283203e-01
-4.103480279445648193e-02
-8.604180067777633667e-02
7.818397879600524902e-02
-1.647409796714782715e-01
-5.506438389420509338e-02
4.698699340224266052e-02
-2.355169653892517090e-01
-8.250039070844650269e-02
4.188205674290657043e-02
4.303085803985595703e-02
-5.706278979778289795e-02
-4.924662038683891296e-02
1.887945979833602905e-01
1.437436789274215698e-01
-7.891245186328887939e-02
9.258246980607509613e-03
3.277273848652839661e-03
3.358904719352722168e-01
8.587013930082321167e-02
6.287235766649246216e-02
2.519635856151580811e-02
-8.616040647029876709e-02
1.548110842704772949e-01
-2.235750108957290649e-01
7.010824233293533325e-02
1.809214651584625244e-01
1.477149277925491333e-01
1.857013627886772156e-02
9.404873847961425781e-02
-2.619703114032745361e-01
7.497154176235198975e-02
9.443457424640655518e-02
-1.829395592212677002e-01
1.708189994096755981e-01
3.170173615217208862e-03
1.286868937313556671e-02
-1.180940642952919006e-01
-4.196670278906822205e-02
1.582141518592834473e-01
7.066027820110321045e-02
-6.463455408811569214e-02
-1.758434325456619263e-01
6.928531825542449951e-02
-1.270001679658889771e-01
1.503146439790725708e-02
2.034462839365005493e-01
-3.420785814523696899e-02
-1.901696771383285522e-01
-1.929959654808044434e-01
3.852634504437446594e-02
3.904197514057159424e-01
1.332264840602874756e-01
-2.005896866321563721e-01
9.458187967538833618e-03
-3.872837126255035400e-02
-1.018661260604858398e-01
-5.551543552428483963e-03
2.492545358836650848e-02
-1.977802962064743042e-01
8.531861007213592529e-03
-1.546050757169723511e-01
2.968936413526535034e-02
1.927757263183593750e-01
3.420406207442283630e-02
-2.467465959489345551e-02
2.314133942127227783e-01
8.959156461060047150e-03
5.899395048618316650e-02
-1.309736631810665131e-02
9.038154035806655884e-02
-1.951946616172790527e-01
-4.834686405956745148e-03
-6.731258332729339600e-02
-6.536448001861572266e-02
1.186190247535705566e-01
-1.397491097450256348e-01
-1.141869574785232544e-01
5.338742583990097046e-02
-2.730411589145660400e-01
1.070523709058761597e-01
-1.462477445602416992e-02
-5.426279455423355103e-02
-1.644452661275863647e-02
2.460896503180265427e-03
-1.442952901124954224e-01
-1.637602224946022034e-02
2.357622087001800537e-01
-3.054232597351074219e-01
1.908833533525466919e-01
1.722870469093322754e-01
-1.035384833812713623e-02
1.167969107627868652e-01
6.994295865297317505e-02
5.779258441179990768e-03
1.904904842376708984e-02
-5.380702763795852661e-02
-1.044261157512664795e-01
-1.620162576436996460e-01
1.009069848805665970e-02
-1.252286434173583984e-01
-3.346658498048782349e-02
-2.263403311371803284e-02
