-1.162625178694725037e-01
3.174640983343124390e-02
7.117462903261184692e-02
-1.339166760444641113e-01
-1.522795110940933228e-01
5.185093730688095093e-02
-5.934128537774085999e-03
5.665988102555274963e-02
1.367696672677993774e-01
-5.381546542048454285e-02
9.641149640083312988e-02
7.776723708957433701e-03
-2.069251239299774170e-01
2.156899124383926392e-02
-3.452448919415473938e-02
7.264102250337600708e-02
-2.075467109680175781e-01
-1.211189031600952148e-01
2.453157678246498108e-03
-1.261612176895141602e-01
-1.017237175256013870e-02
1.284481585025787354e-01
-5.484085530042648315e-03
4.662734642624855042e-02
-1.333781778812408447e-01
-2.891387045383453369e-01
-8.603381365537643433e-02
-1.446374803781509399e-01
7.972545921802520752e-02
-1.417775750160217285e-01
2.668739855289459229e-02
4.767045751214027405e-02
-1.601175069808959961e-01
-6.608080863952636719e-02
3.670561313629150391e-02
8.194123953580856323e-02
-6.561021506786346436e-02
-8.211036771535873413e-02
1.395837515592575073e-01
7.790372520685195923e-02
-7.552131265401840210e-02
6.047532893717288971e-03
9.046023339033126831e-02
3.910480737686157227e-01
1.898975372314453125e-01
1.253587007522583008e-01
-1.836272142827510834e-02
1.366329379379749298e-02
1.371162682771682739e-01
-2.826558649539947510e-01
1.230310127139091492e-01
9.751501679420471191e-02
1.076178699731826782e-01
5.605308338999748230e-02
5.956095829606056213e-02
-1.436599344015121460e-01
3.658159077167510986e-02
9.423664212226867676e-02
-1.921109557151794434e-01
1.847804933786392212e-01
6.560198962688446045e-02
-7.396701723337173462e-02
3.585885465145111084e-02
-4.449118673801422119e-02
1.941661387681961060e-01
2.884622104465961456e-02
-6.433611363172531128e-02
-1.133408248424530029e-01
1.724082529544830322e-01
-1.921278983354568481e-01
-9.451474994421005249e-02
4.075795412063598633e-02
-1.019597500562667847e-01
-1.038126870989799500e-01
-1.982560604810714722e-01
4.094206541776657104e-02
2.908880114555358887e-01
1.722863465547561646e-01
-5.941481515765190125e-02
1.472143828868865967e-02
-4.029463976621627808e-02
4.041721113026142120e-03
3.602483123540878296e-02
6.872195005416870117e-02
-8.989924192428588867e-02
-7.468590140342712402e-02
-5.647678673267364502e-02
3.221647068858146667e-02
2.430252432823181152e-01
-1.996399275958538055e-02
-4.884546995162963867e-02
1.814588308334350586e-01
3.218419477343559265e-02
-3.951086848974227905e-02
4.431119933724403381e-02
-1.361037045717239380e-02
-9.451236575841903687e-02
1.295734290033578873e-02
-1.418718695640563965e-01
8.346695452928543091e-03
-7.322933524847030640e-03
-1.377857029438018799e-01
-1.255236752331256866e-02
1.288726478815078735e-01
-2.315276861190795898e-01
1.380324810743331909e-01
-1.369004324078559875e-02
-8.994324505329132080e-02
-4.318944364786148071e-02
-4.074608907103538513e-03
-1.774720251560211182e-01
-1.106373034417629242e-02
2.136086225509643555e-01
-2.455857396125793457e-01
1.981343924999237061e-01
2.607681155204772949e-01
8.738991618156433105e-02
1.547290682792663574e-01
6.209034472703933716e-02
1.687509007751941681e-02
3.974533081054687500e-02
-3.573353588581085205e-02
-1.269326508045196533e-01
-1.075449064373970032e-01
5.004413053393363953e-02
-3.118660487234592438e-02
2.346373163163661957e-02
7.092499732971191406e-02
