-1.426331549882888794e-01
1.093510910868644714e-01
1.192324757575988770e-01
-5.067304149270057678e-02
-3.007212840020656586e-02
-2.004318498075008392e-02
5.993541330099105835e-03
-1.324466615915298462e-02
1.438227742910385132e-01
-5.098505690693855286e-02
2.213248610496520996e-01
-4.696489498019218445e-02
-2.171203941106796265e-01
1.131988037377595901e-02
-3.268113359808921814e-02
3.671724349260330200e-02
-1.562333106994628906e-01
-1.088724508881568909e-01
-1.072518900036811829e-01
-1.313143670558929443e-01
4.263144358992576599e-02
1.879141293466091156e-02
-5.066050961613655090e-02
1.776831969618797302e-02
-2.072406411170959473e-01
-2.285403609275817871e-01
4.602444171905517578e-02
-1.270400881767272949e-01
1.493410021066665649e-01
-1.599583327770233154e-01
-6.362975388765335083e-02
7.269456237554550171e-02
-2.024609297513961792e-01
-5.870895832777023315e-02
-5.117552727460861206e-02
6.698990613222122192e-02
-9.248464554548263550e-02
-7.897690683603286743e-02
2.078377455472946167e-01
-4.757552873343229294e-03
-1.588148325681686401e-01
4.435823857784271240e-02
-4.999780282378196716e-02
3.381421864032745361e-01
2.754367291927337646e-01
-7.053028792142868042e-02
-4.584486782550811768e-02
-7.155114412307739258e-02
1.761250048875808716e-01
-3.290426135063171387e-01
3.456005454063415527e-02
2.279314696788787842e-01
4.112681001424789429e-02
1.368001997470855713e-01
8.480356633663177490e-02
-1.608416885137557983e-01
1.133285835385322571e-02
9.842999279499053955e-02
-1.693174093961715698e-01
1.314784735441207886e-01
4.445272684097290039e-02
-5.805813521146774292e-02
1.910655573010444641e-02
-1.459274739027023315e-01
4.783046990633010864e-02
1.260605454444885254e-02
-1.162710785865783691e-01
-8.003809303045272827e-02
7.358739525079727173e-02
-1.430566459894180298e-01
8.151998743414878845e-03
1.612043380737304688e-01
-9.883414953947067261e-02
-2.162137180566787720e-01
-2.385829836130142212e-01
7.828133553266525269e-02
2.813405990600585938e-01
2.066400349140167236e-01
-1.464879363775253296e-01
2.638885006308555603e-02
-6.375895440578460693e-02
-8.770122379064559937e-02
8.933388441801071167e-02
3.864726796746253967e-02
-7.186198234558105469e-02
-2.065045386552810669e-02
-3.461450338363647461e-02
9.041853994131088257e-02
1.866292357444763184e-01
3.731226921081542969e-02
-4.304327070713043213e-02
2.298264503479003906e-01
-3.579542785882949829e-02
-4.882081225514411926e-02
5.328652914613485336e-03
1.039091274142265320e-01
-1.557897925376892090e-01
-2.231004461646080017e-02
-1.177641525864601135e-01
-7.915683090686798096e-03
6.864023953676223755e-02
-1.763783842325210571e-01
-3.212598711252212524e-02
1.214337870478630066e-01
-2.021929472684860229e-01
2.094957679510116577e-01
-1.958647742867469788e-03
7.137825340032577515e-02
-1.878729555755853653e-03
-9.108998626470565796e-02
-5.670732632279396057e-02
8.726602047681808472e-02
1.961340159177780151e-01
-2.293454110622406006e-01
2.199607640504837036e-01
2.125090509653091431e-01
8.449102193117141724e-02
8.734828233718872070e-02
7.899218797683715820e-02
-8.608568459749221802e-02
-2.000229805707931519e-02
5.603543482720851898e-03
-1.577247232198715210e-01
-6.070287525653839111e-02
1.067467126995325089e-02
-2.087620086967945099e-02
1.376479864120483398e-02
1.060669496655464172e-02
