-1.385654211044311523e-01
1.006211042404174805e-01
6.788791716098785400e-02
2.979166246950626373e-02
-4.403354972600936890e-02
1.098043471574783325e-02
2.888030000030994415e-02
-1.632845401763916016e-01
7.607445865869522095e-02
-1.284549683332443237e-01
2.060729116201400757e-01
-2.552645280957221985e-02
-2.671006023883819580e-01
-1.142971292138099670e-01
3.227197378873825073e-02
1.435868889093399048e-01
-8.713885396718978882e-02
-1.685650199651718140e-01
-2.060516625642776489e-01
-1.273222118616104126e-01
3.949393704533576965e-02
3.928422182798385620e-02
-5.433063209056854248e-02
-3.938999772071838379e-02
-9.746292233467102051e-02
-2.676520943641662598e-01
-4.355735704302787781e-02
-1.109360978007316589e-01
1.758337952196598053e-03
-6.501864641904830933e-02
5.282664671540260315e-02
3.260871395468711853e-02
-1.971375048160552979e-01
-9.223153442144393921e-02
-2.453317865729331970e-03
7.822775840759277344e-02
-1.021259874105453491e-01
-3.872602432966232300e-02
1.355359256267547607e-01
3.048939630389213562e-03
-1.569077819585800171e-01
9.116344153881072998e-03
-5.805268883705139160e-04
2.733796238899230957e-01
1.933578252792358398e-01
1.099166646599769592e-02
3.323626145720481873e-02
-1.138233765959739685e-01
1.311822086572647095e-01
-2.729981839656829834e-01
-2.027470804750919342e-02
1.350371241569519043e-01
9.750521183013916016e-02
1.477040052413940430e-01
1.024494096636772156e-01
-1.070271432399749756e-01
7.401490211486816406e-02
9.701908379793167114e-02
-1.589540243148803711e-01
8.107223361730575562e-02
3.226621448993682861e-02
-2.409052401781082153e-01
-7.763036526739597321e-03
-3.295446187257766724e-02
1.335859447717666626e-01
2.619756571948528290e-02
-3.077135980129241943e-02
-1.122944280505180359e-01
1.949351429939270020e-01
-1.218076869845390320e-01
-1.433109045028686523e-01
4.243374988436698914e-02
-8.792285621166229248e-02
-1.645313203334808350e-01
-3.728725612163543701e-01
4.263441264629364014e-02
4.005230665206909180e-01
1.366721391677856445e-01
-2.083862870931625366e-01
1.570859737694263458e-02
-4.923417419195175171e-02
-8.503501303493976593e-04
1.142721623182296753e-01
1.214369758963584900e-01
1.905566826462745667e-02
-9.568610787391662598e-02
-1.032871305942535400e-01
1.385078951716423035e-02
2.314068824052810669e-01
-9.407477825880050659e-02
-3.763911500573158264e-02
1.823634952306747437e-01
-5.328036844730377197e-03
-5.338574573397636414e-02
4.773506522178649902e-02
6.177635490894317627e-02
-1.147255375981330872e-01
-2.120153605937957764e-02
-1.013870313763618469e-01
-8.249050378799438477e-02
6.526575982570648193e-02
-7.363784313201904297e-02
1.349650137126445770e-02
7.793253660202026367e-02
-1.241595596075057983e-01
1.943856328725814819e-01
-3.303942084312438965e-02
7.120851427316665649e-03
-3.587809577584266663e-02
-1.141103506088256836e-01
-1.798144355416297913e-02
5.668248608708381653e-02
1.314882040023803711e-01
-1.738364845514297485e-01
2.458704710006713867e-01
2.315387725830078125e-01
-5.229832231998443604e-02
1.384878903627395630e-01
5.978198349475860596e-02
5.549691617488861084e-02
-5.334240943193435669e-02
-1.778610236942768097e-02
-1.972196847200393677e-01
-1.641746461391448975e-01
4.380374774336814880e-02
1.005717217922210693e-01
-1.950796321034431458e-02
2.463689073920249939e-02
