-1.389181911945343018e-01
1.191029027104377747e-01
8.989294618368148804e-02
-1.305499812588095665e-03
2.363313734531402588e-02
-7.177610695362091064e-02
3.851717710494995117e-02
-6.638657301664352417e-02
1.157671213150024414e-01
-3.652954101562500000e-02
2.078604400157928467e-01
-9.589892625808715820e-02
-3.094004094600677490e-01
-1.164599657058715820e-01
1.688885502517223358e-03
1.331053823232650757e-01
-1.046152263879776001e-01
-1.302645802497863770e-01
-6.910035759210586548e-02
-8.730535954236984253e-02
9.929824620485305786e-02
-3.962420299649238586e-02
3.069916274398565292e-03
2.978984639048576355e-02
-1.707394123077392578e-01
-3.419764637947082520e-01
-2.687849849462509155e-02
-1.598690152168273926e-01
-7.625581324100494385e-02
-8.848052471876144409e-02
-1.189866196364164352e-02
3.308988362550735474e-02
-1.482292413711547852e-01
-2.393646724522113800e-02
-1.676556095480918884e-02
3.957930207252502441e-02
5.290069803595542908e-02
-3.637279570102691650e-02
1.876074969768524170e-01
-2.940201014280319214e-02
-1.494977325201034546e-01
1.993352174758911133e-02
4.882913082838058472e-02
2.624940872192382812e-01
8.809585869312286377e-02
3.971515689045190811e-03
5.111944302916526794e-02
1.603541895747184753e-02
1.489163935184478760e-01
-2.996861338615417480e-01
3.385610878467559814e-02
1.201158538460731506e-01
1.000445708632469177e-01
8.089276030659675598e-03
1.621031612157821655e-01
-1.459780484437942505e-01
-1.360098179429769516e-02
9.322868287563323975e-02
-2.158010900020599365e-01
1.000405028462409973e-01
3.487986326217651367e-02
6.411067210137844086e-03
-9.003235399723052979e-02
-7.943193614482879639e-02
1.477237343788146973e-01
9.784744679927825928e-02
-1.835296899080276489e-01
-3.793092072010040283e-02
4.107329249382019043e-02
-1.282710731029510498e-01
3.949839249253273010e-02
6.414191424846649170e-02
-1.183536201715469360e-01
-2.006085515022277832e-01
-2.800861895084381104e-01
1.145255267620086670e-01
3.664395213127136230e-01
1.167610287666320801e-01
-1.759510636329650879e-01
-4.214632324874401093e-03
-7.637245953083038330e-02
1.708210073411464691e-02
6.104099005460739136e-02
-1.565087120980024338e-03
-8.092927187681198120e-02
4.104714095592498779e-02
-1.158482283353805542e-01
4.739132523536682129e-02
1.228743270039558411e-01
7.017342839390039444e-03
-2.385315671563148499e-02
2.310657352209091187e-01
-5.650627985596656799e-02
1.684383675456047058e-02
-7.317430526018142700e-02
5.802662298083305359e-02
-1.170416176319122314e-01
-4.207196831703186035e-02
-3.797483444213867188e-02
5.174967646598815918e-02
8.960540592670440674e-02
-1.292111277580261230e-01
-3.621059656143188477e-02
5.015853792428970337e-02
-2.239234596490859985e-01
1.346197351813316345e-02
-4.884092137217521667e-02
1.055407058447599411e-02
-3.727632015943527222e-02
6.464780122041702271e-02
-1.269961744546890259e-01
5.966183729469776154e-03
6.622418016195297241e-02
-2.824163436889648438e-01
1.250781118869781494e-01
2.050753980875015259e-01
-6.426675617694854736e-02
7.232593744993209839e-02
2.452619001269340515e-02
-4.140293598175048828e-02
2.070926874876022339e-02
1.797654666006565094e-03
-1.201591566205024719e-01
-1.221796646714210510e-01
7.338637113571166992e-02
1.855898834764957428e-02
-1.383562665432691574e-02
-2.430755831301212311e-02
