-1.239110380411148071e-01
3.180189803242683411e-02
1.267194151878356934e-01
-7.348679751157760620e-02
-2.015471309423446655e-01
-5.506240203976631165e-02
-3.527704253792762756e-02
-4.544929414987564087e-02
1.047973260283470154e-01
-1.396084576845169067e-01
6.967519223690032959e-02
-1.210139319300651550e-01
-2.304224520921707153e-01
-1.576392166316509247e-02
5.570001900196075439e-03
2.708311676979064941e-01
-1.124660894274711609e-01
-1.731994301080703735e-01
-1.814459115266799927e-01
-9.448698163032531738e-02
-1.112413033843040466e-02
1.426273435354232788e-01
1.251128315925598145e-02
1.049845889210700989e-01
-1.296102851629257202e-01
-3.725517988204956055e-01
-3.873410448431968689e-02
-1.117184907197952271e-01
-8.636422455310821533e-02
-1.517917960882186890e-01
-1.575765013694763184e-02
1.289784163236618042e-01
-1.268920749425888062e-01
-7.955566793680191040e-02
8.459825813770294189e-02
1.798974275588989258e-01
-4.634630307555198669e-02
-1.352527737617492676e-01
1.118305623531341553e-01
2.090941369533538818e-02
-2.744433879852294922e-01
2.504158392548561096e-02
7.951012253761291504e-02
2.997429072856903076e-01
2.150206863880157471e-01
-2.592820860445499420e-02
8.508196473121643066e-02
-5.287735909223556519e-02
1.404829621315002441e-01
-3.149348795413970947e-01
-2.534193359315395355e-02
6.439588963985443115e-02
-4.542347788810729980e-02
7.081444561481475830e-02
6.710647791624069214e-02
-2.007225453853607178e-01
7.499958574771881104e-02
1.485479027032852173e-01
-2.740893363952636719e-01
9.810771793127059937e-02
1.236364021897315979e-01
-2.001216858625411987e-01
7.816599681973457336e-04
-1.030317414551973343e-02
2.161665707826614380e-01
6.916353106498718262e-02
-1.168209388852119446e-01
-1.923089921474456787e-01
1.730354726314544678e-01
-1.950614005327224731e-01
4.416301473975181580e-02
1.139566898345947266e-01
-1.548331379890441895e-01
-1.711843311786651611e-01
-2.780912220478057861e-01
-1.193547062575817108e-02
4.169318377971649170e-01
1.177709624171257019e-01
-9.590443968772888184e-02
1.404318213462829590e-02
-8.753897994756698608e-02
5.097137019038200378e-02
-1.318239141255617142e-02
1.469053179025650024e-01
4.358924552798271179e-02
1.034525129944086075e-02
-9.543710201978683472e-02
1.139505878090858459e-01
2.042106539011001587e-01
-3.188011422753334045e-02
7.987712509930133820e-03
2.857077419757843018e-01
4.153595119714736938e-02
-7.964567095041275024e-02
4.503228142857551575e-02
6.367591023445129395e-02
-1.568175852298736572e-01
-2.931104786694049835e-02
-9.320832043886184692e-02
1.635938137769699097e-02
-1.356096938252449036e-02
-1.349215805530548096e-01
4.246912151575088501e-02
6.173300743103027344e-02
-1.397073417901992798e-01
1.966303586959838867e-01
-1.108253151178359985e-01
1.595437154173851013e-02
-1.164605766534805298e-01
-4.807518795132637024e-02
-9.136744588613510132e-02
7.276406977325677872e-03
2.134837657213211060e-01
-2.141214907169342041e-01
1.237413585186004639e-01
2.487346827983856201e-01
8.277732878923416138e-02
1.594993025064468384e-01
2.438638918101787567e-02
5.822993814945220947e-02
-6.120415404438972473e-03
-5.278852581977844238e-02
-1.601126343011856079e-01
-1.619758829474449158e-02
4.514543712139129639e-02
-1.811822131276130676e-02
4.422334954142570496e-02
8.922897279262542725e-02
