-5.692939460277557373e-02
1.396450251340866089e-01
7.793549448251724243e-02
-1.490195691585540771e-01
-1.294606178998947144e-01
-1.275086309760808945e-02
-4.762439802289009094e-02
-6.750112026929855347e-02
1.550699472427368164e-01
-4.805133491754531860e-02
2.567030787467956543e-01
6.535450369119644165e-02
-1.837888509035110474e-01
-7.695829123258590698e-02
3.306025266647338867e-02
1.848738789558410645e-01
-1.893128901720046997e-01
-1.554733514785766602e-01
-9.970153868198394775e-02
-5.901664495468139648e-02
-3.110695444047451019e-02
-3.578385710716247559e-02
6.552883982658386230e-02
3.240688145160675049e-02
-7.308229804039001465e-02
-2.899058759212493896e-01
-7.895711064338684082e-02
-9.452840685844421387e-02
6.622979044914245605e-02
-1.804447621107101440e-01
1.948617026209831238e-02
-9.722520411014556885e-02
-1.857908666133880615e-01
-6.769774854183197021e-02
3.392465412616729736e-03
5.505974590778350830e-02
-3.131923452019691467e-02
-1.130321621894836426e-01
2.199303358793258667e-01
3.167212940752506256e-03
-1.520469039678573608e-01
1.859612390398979187e-02
-1.055779587477445602e-02
2.396406084299087524e-01
1.782195270061492920e-01
-1.046122889965772629e-02
1.189919859170913696e-01
-3.680857270956039429e-02
7.324422895908355713e-02
-1.568792909383773804e-01
8.103245496749877930e-02
8.318835496902465820e-02
1.219263970851898193e-01
1.436376851052045822e-02
-7.357912138104438782e-03
-1.158269941806793213e-01
9.328354150056838989e-03
2.336518317461013794e-01
-1.791522949934005737e-01
8.160413801670074463e-02
1.369786560535430908e-01
-7.926169037818908691e-02
-6.682518869638442993e-02
-1.906666904687881470e-02
2.877091467380523682e-01
1.475713998079299927e-01
-1.437837630510330200e-01
-1.946728378534317017e-01
1.041696295142173767e-01
-3.846045583486557007e-02
-7.969582825899124146e-02
-6.266322452574968338e-03
-1.636958271265029907e-01
-7.015004009008407593e-02
-2.385569959878921509e-01
1.713458076119422913e-02
3.565641045570373535e-01
4.388289898633956909e-02
-2.331664413213729858e-01
-6.013457477092742920e-02
-1.615545600652694702e-01
4.737613350152969360e-02
-1.739153079688549042e-02
5.311352759599685669e-02
-7.875528931617736816e-02
-9.416594170033931732e-03
-1.432806104421615601e-01
4.010890051722526550e-02
1.601265519857406616e-01
-2.086229249835014343e-02
-2.673783525824546814e-02
1.289675235748291016e-01
-1.392981130629777908e-02
6.041676737368106842e-03
-1.904327049851417542e-02
5.603579431772232056e-02
-1.237425506114959717e-01
2.614594809710979462e-02
-5.603019520640373230e-02
-4.566568136215209961e-02
2.934613265097141266e-02
-5.307247862219810486e-02
1.458154059946537018e-02
1.363327503204345703e-01
-1.628161370754241943e-01
1.532067507505416870e-01
-3.370420262217521667e-02
2.104785293340682983e-02
-1.521693449467420578e-02
6.091798841953277588e-02
-3.234415873885154724e-02
-9.185513108968734741e-02
1.575135141611099243e-01
-1.908078789710998535e-01
2.255417853593826294e-01
2.466600835323333740e-01
-1.046912930905818939e-02
6.907948106527328491e-02
6.658396869897842407e-02
9.630484879016876221e-02
-2.113567292690277100e-02
3.304033726453781128e-02
-1.525479406118392944e-01
-2.693482115864753723e-02
-2.950320951640605927e-02
-8.215347304940223694e-03
1.480939090251922607e-01
6.133941560983657837e-02
