-1.473368555307388306e-01
7.233802974224090576e-02
4.005039855837821960e-02
-1.262281090021133423e-01
-1.583534628152847290e-01
-3.735207021236419678e-03
-2.257198095321655273e-03
-3.868260607123374939e-02
5.723150447010993958e-02
-6.327633559703826904e-02
1.676704436540603638e-01
-6.236343085765838623e-02
-2.463097125291824341e-01
-1.802726835012435913e-01
6.931836158037185669e-02
1.378092318773269653e-01
-4.259764403104782104e-02
-1.379782408475875854e-01
-1.588938683271408081e-01
-9.346493333578109741e-02
-3.693020343780517578e-02
3.961241617798805237e-02
-9.447630494832992554e-02
9.804544597864151001e-02
-1.047323793172836304e-01
-2.590126991271972656e-01
-4.683636128902435303e-02
-9.351017326116561890e-02
-8.368706330657005310e-04
-4.321584105491638184e-02
2.186955884099006653e-02
1.473638117313385010e-01
-1.372184157371520996e-01
-6.107640266418457031e-02
4.687478020787239075e-02
1.089142188429832458e-01
-7.418031245470046997e-02
-6.248102337121963501e-02
1.402118355035781860e-01
-8.939451724290847778e-02
-1.479229331016540527e-01
-4.144551977515220642e-02
5.208783596754074097e-02
2.068067789077758789e-01
2.102618515491485596e-01
-3.960278257727622986e-02
5.242774635553359985e-02
-2.450407668948173523e-02
1.604982316493988037e-01
-2.034447789192199707e-01
9.762241505086421967e-03
1.795851588249206543e-01
1.159340888261795044e-01
1.069987341761589050e-01
1.065232791006565094e-03
-9.907431900501251221e-02
7.034464925527572632e-02
1.895738840103149414e-01
-3.059402108192443848e-01
5.036437883973121643e-02
1.327296160161495209e-02
-1.747040003538131714e-01
-1.470242589712142944e-01
-8.709784597158432007e-02
1.029802486300468445e-01
1.333571374416351318e-01
-1.481402814388275146e-01
-2.399157881736755371e-01
1.717545390129089355e-01
-2.347084283828735352e-01
-5.792414769530296326e-02
1.208685562014579773e-01
-1.513684093952178955e-01
-1.728754639625549316e-01
-2.619863748550415039e-01
8.831199258565902710e-02
3.345210552215576172e-01
2.257252633571624756e-01
-2.117670923471450806e-01
-4.384481161832809448e-02
-2.309307921677827835e-03
-5.442957207560539246e-02
5.630837380886077881e-02
7.418639212846755981e-02
-4.623244702816009521e-02
-1.449558883905410767e-01
-5.155226588249206543e-02
2.938280627131462097e-02
1.846907436847686768e-01
4.556464962661266327e-03
-1.750984974205493927e-02
2.144374400377273560e-01
9.145606309175491333e-02
-1.194889377802610397e-02
-1.757099851965904236e-02
4.517511278390884399e-02
-1.667608693242073059e-02
-2.523066475987434387e-03
-4.532346129417419434e-02
6.200449168682098389e-02
3.224000707268714905e-02
-1.302093714475631714e-01
1.469801459461450577e-02
5.679306015372276306e-02
-6.126932799816131592e-02
2.689224481582641602e-01
-4.887160845100879669e-03
8.878962695598602295e-02
-7.743071019649505615e-02
-6.968123465776443481e-02
-8.941727876663208008e-02
8.389236172661185265e-04
1.882405877113342285e-01
-1.419579386711120605e-01
1.819997280836105347e-01
1.416808515787124634e-01
5.798498541116714478e-02
1.090541183948516846e-01
1.009180322289466858e-01
9.425686299800872803e-02
2.829284965991973877e-02
-1.140723824501037598e-01
-1.507932990789413452e-01
-1.102170497179031372e-01
1.159017235040664673e-01
-7.037652283906936646e-02
7.527722418308258057e-02
1.931730285286903381e-02
