-4.060486331582069397e-02
1.099510863423347473e-01
1.073153242468833923e-01
-5.598777532577514648e-02
-1.649103909730911255e-01
1.934085786342620850e-02
5.527364090085029602e-02
-1.851637065410614014e-01
2.751930952072143555e-01
-1.280036717653274536e-01
1.665557026863098145e-01
1.620304957032203674e-02
-2.393327057361602783e-01
1.103394553065299988e-01
-1.600031182169914246e-02
1.409784853458404541e-01
-4.512181878089904785e-02
-1.981855779886245728e-01
-8.726853877305984497e-02
-1.071652993559837341e-01
-4.774157330393791199e-02
-1.151179894804954529e-02
4.518570378422737122e-03
-6.986700929701328278e-03
-1.542608141899108887e-01
-2.210071533918380737e-01
-1.054210513830184937e-01
-5.074068158864974976e-02
9.077067673206329346e-02
-6.994238123297691345e-03
-3.704296797513961792e-02
1.538755744695663452e-01
-1.221809089183807373e-01
-1.316099800169467926e-02
5.382934957742691040e-02
1.334626600146293640e-02
-4.976074770092964172e-02
-1.332120597362518311e-01
3.078224062919616699e-01
-2.169892564415931702e-02
-1.621628701686859131e-01
1.451130304485559464e-02
1.213371381163597107e-01
1.490806937217712402e-01
1.802641749382019043e-01
-4.778551682829856873e-02
1.073440909385681152e-01
-1.660742759704589844e-01
1.789809912443161011e-01
-2.277620434761047363e-01
1.670114696025848389e-03
1.073253750801086426e-01
1.027086973190307617e-01
1.143856123089790344e-01
9.671373665332794189e-02
-2.221813946962356567e-01
-1.249608397483825684e-02
1.075852662324905396e-01
-1.793437302112579346e-01
1.220590695738792419e-01
5.632968991994857788e-02
-9.357985854148864746e-02
-8.202645182609558105e-02
-9.946138411760330200e-02
2.519887983798980713e-01
1.303431242704391479e-01
-7.362818717956542969e-02
-1.684618890285491943e-01
2.673342525959014893e-01
-1.230935156345367432e-01
-9.566015750169754028e-02
9.395509958267211914e-02
-1.416962444782257080e-01
-1.226009353995323181e-01
-1.989943832159042358e-01
4.821782559156417847e-02
4.010088145732879639e-01
1.383571922779083252e-01
-1.443906426429748535e-01
5.587659031152725220e-02
-6.464217603206634521e-02
-5.790831893682479858e-02
-4.261387512087821960e-02
3.902751207351684570e-02
-9.794234484434127808e-02
-1.297898143529891968e-01
-5.217898637056350708e-02
-3.449675440788269043e-02
3.600877225399017334e-01
-4.627248272299766541e-02
-9.708908386528491974e-03
1.952227205038070679e-01
4.160918295383453369e-02
3.918392956256866455e-02
-6.145475432276725769e-02
7.882199436426162720e-02
-1.471654772758483887e-01
-2.611272409558296204e-02
-1.701705753803253174e-01
-6.080862134695053101e-02
4.625888541340827942e-03
-5.048109963536262512e-02
2.595634758472442627e-02
1.633129268884658813e-01
-2.460514307022094727e-01
1.382825374603271484e-01
-7.493075728416442871e-02
-6.526075303554534912e-02
-5.672857910394668579e-02
8.866049349308013916e-03
-6.126201525330543518e-02
3.256975486874580383e-02
1.683460921049118042e-01
-2.485711276531219482e-01
2.067411839962005615e-01
1.125918924808502197e-01
1.360865402966737747e-02
9.459743648767471313e-02
3.889224678277969360e-02
6.409782916307449341e-02
6.744543462991714478e-02
2.003142237663269043e-02
-1.072879806160926819e-01
-1.314543336629867554e-01
8.549030125141143799e-02
-5.821145325899124146e-02
-8.537242189049720764e-03
1.093730479478836060e-01
