-5.962739512324333191e-02
1.267181634902954102e-01
6.882283836603164673e-02
-1.514568459242582321e-02
-1.617338955402374268e-01
3.479613736271858215e-02
-2.653935179114341736e-02
-1.920065134763717651e-01
1.747349053621292114e-01
-5.423358082771301270e-02
2.545304298400878906e-01
-9.762004017829895020e-02
-2.397282421588897705e-01
1.983482949435710907e-02
-7.472441066056489944e-03
9.733398258686065674e-02
-1.338998824357986450e-01
-1.220806837081909180e-01
-3.678459674119949341e-03
-1.074868962168693542e-01
1.156315058469772339e-01
8.255869150161743164e-02
1.684534549713134766e-02
3.842540830373764038e-02
-1.062772423028945923e-01
-2.865056395530700684e-01
-1.093681380152702332e-01
-1.074058040976524353e-01
1.360878944396972656e-01
-9.108802676200866699e-02
1.883865892887115479e-02
4.427084699273109436e-02
-1.622573882341384888e-01
-7.540086656808853149e-02
5.030300095677375793e-02
2.027568221092224121e-02
-8.982747048139572144e-02
-9.459365904331207275e-02
2.050973773002624512e-01
-3.390327095985412598e-02
-1.646378636360168457e-01
-7.283697277307510376e-02
2.595844864845275879e-02
2.215178012847900391e-01
1.119749918580055237e-01
4.145248979330062866e-02
1.852134056389331818e-02
-1.090679168701171875e-01
8.174708485603332520e-02
-2.168953567743301392e-01
6.591007113456726074e-02
1.666414588689804077e-01
4.945876821875572205e-02
2.363447844982147217e-02
1.233307570219039917e-01
-1.947597712278366089e-01
-2.073617465794086456e-02
1.770247071981430054e-01
-1.349958628416061401e-01
1.018323823809623718e-01
7.521674036979675293e-02
-8.622263371944427490e-02
-2.380079589784145355e-03
-7.650431245565414429e-02
1.808253079652786255e-01
5.475688353180885315e-02
-2.169819921255111694e-02
-1.628240942955017090e-01
1.629969477653503418e-01
-7.449860125780105591e-02
-1.307927817106246948e-01
1.604716330766677856e-01
-1.380240470170974731e-01
-1.579358726739883423e-01
-2.797693312168121338e-01
-4.065910726785659790e-02
5.316582322120666504e-01
3.504034876823425293e-02
-1.862925887107849121e-01
1.807789131999015808e-02
-2.980444952845573425e-02
-4.411735571920871735e-04
1.576195061206817627e-01
5.040809884667396545e-02
1.258609816431999207e-03
-8.814792335033416748e-02
-1.485493183135986328e-01
-2.131941914558410645e-02
1.977920383214950562e-01
-8.299355953931808472e-02
-6.113988161087036133e-02
1.985660046339035034e-01
-3.248587995767593384e-02
5.289872735738754272e-02
4.446824640035629272e-02
8.059049397706985474e-02
-8.798337727785110474e-02
-5.891469307243824005e-03
-1.026932671666145325e-01
-1.136148869991302490e-01
3.923854231834411621e-02
-4.964120686054229736e-03
-4.936302080750465393e-02
1.671990007162094116e-01
-2.085907310247421265e-01
1.332707256078720093e-01
2.410458214581012726e-02
-1.048670616000890732e-02
-3.009229153394699097e-02
-6.997674703598022461e-02
-5.946938693523406982e-02
3.308753669261932373e-02
2.014536708593368530e-01
-3.147568404674530029e-01
1.372237503528594971e-01
1.474590897560119629e-01
-5.060546100139617920e-02
1.417788565158843994e-01
-1.589653082191944122e-02
3.269183263182640076e-02
-4.270737059414386749e-03
-7.862299680709838867e-02
-2.381767034530639648e-01
-8.336410671472549438e-02
3.494196012616157532e-02
-2.326276898384094238e-02
-7.132261991500854492e-02
9.696974419057369232e-03
