-1.301383823156356812e-01
1.155695766210556030e-01
1.585993319749832153e-01
-7.952037453651428223e-02
-1.552183479070663452e-01
-5.650600418448448181e-03
-7.273053750395774841e-03
-1.177404597401618958e-01
7.184948772192001343e-02
-6.541741639375686646e-02
2.305435389280319214e-01
-5.179103463888168335e-02
-2.056720852851867676e-01
-4.589678719639778137e-02
2.058623358607292175e-03
1.598015278577804565e-01
-6.839822977781295776e-02
-1.380561292171478271e-01
-1.465064287185668945e-01
-8.476804941892623901e-02
7.210740353912115097e-03
6.074082851409912109e-02
-8.536295592784881592e-02
4.491097480058670044e-02
-1.300108581781387329e-01
-2.775627076625823975e-01
-7.675170898437500000e-02
-2.787253446877002716e-02
1.566550508141517639e-02
-1.663636714220046997e-01
-4.046121612191200256e-02
2.389323897659778595e-02
-2.021216005086898804e-01
-1.064652800559997559e-01
1.996052637696266174e-02
1.016395241022109985e-01
-9.785161912441253662e-02
-1.071052476763725281e-01
9.056833386421203613e-02
4.262004978954792023e-03
-1.658631563186645508e-01
6.541441380977630615e-02
9.991857409477233887e-02
3.052265644073486328e-01
2.331768572330474854e-01
2.966615557670593262e-02
-3.704811632633209229e-02
-4.101701080799102783e-02
1.555046886205673218e-01
-2.662942409515380859e-01
1.419151276350021362e-01
2.174291759729385376e-02
2.130295932292938232e-01
5.776240304112434387e-02
1.097510755062103271e-01
-1.559228152036666870e-01
-3.057106398046016693e-03
2.152924388647079468e-01
-2.949365973472595215e-01
1.201130971312522888e-01
5.541830509901046753e-02
-1.667809188365936279e-01
-6.272260099649429321e-02
-1.106831952929496765e-01
2.070122808218002319e-01
1.913162767887115479e-01
-1.282420158386230469e-01
-7.949449867010116577e-02
1.798141002655029297e-01
-8.929007500410079956e-02
-3.780511394143104553e-02
7.028123363852500916e-04
-7.756088674068450928e-02
-1.357358545064926147e-01
-3.191650509834289551e-01
1.024421826004981995e-01
3.863077759742736816e-01
1.518294513225555420e-01
-3.047854602336883545e-01
-5.825531482696533203e-02
1.619886793196201324e-02
4.055931419134140015e-02
5.361307039856910706e-02
8.555611968040466309e-02
-8.190206438302993774e-02
-6.799517571926116943e-02
-8.078646659851074219e-02
2.565839886665344238e-02
1.333540380001068115e-01
2.849480882287025452e-02
-3.405079990625381470e-02
2.681939005851745605e-01
1.373212784528732300e-03
-5.601506307721138000e-02
5.474790930747985840e-02
3.478630632162094116e-02
-1.721741855144500732e-01
-6.595538556575775146e-02
-1.348686814308166504e-01
-8.798895776271820068e-02
1.611864380538463593e-02
-7.713329046964645386e-02
4.887740127742290497e-03
1.582478433847427368e-01
-1.354222893714904785e-01
2.169100642204284668e-01
-8.487296290695667267e-04
3.835682198405265808e-02
-1.038790494203567505e-02
-6.764208525419235229e-02
-4.239979386329650879e-02
-2.567364275455474854e-02
1.226937100291252136e-01
-2.423273921012878418e-01
1.451842933893203735e-01
1.043724715709686279e-01
-2.917916513979434967e-02
1.376479566097259521e-01
6.087623164057731628e-02
3.963142633438110352e-02
3.693233430385589600e-02
-2.371317520737648010e-02
-1.541591882705688477e-01
-5.069297179579734802e-02
1.352146267890930176e-01
-9.065301716327667236e-02
1.163879707455635071e-01
8.664912730455398560e-02
