-1.086948961019515991e-01
1.108795851469039917e-01
-2.850766107439994812e-02
-7.429167628288269043e-02
-5.821890011429786682e-02
3.277243301272392273e-02
1.914331316947937012e-02
-9.254027903079986572e-02
1.733980625867843628e-01
-7.756066322326660156e-02
1.691776812076568604e-01
-8.018784224987030029e-03
-2.884024977684020996e-01
-5.186976492404937744e-02
1.534344535320997238e-02
1.157897636294364929e-01
-2.740994989871978760e-01
-9.882421791553497314e-02
-3.634624928236007690e-02
-8.631977438926696777e-02
1.146410852670669556e-01
9.814100712537765503e-02
-4.159703850746154785e-02
1.183137595653533936e-01
-1.410304307937622070e-01
-3.296060264110565186e-01
-9.557315707206726074e-02
-9.193897247314453125e-02
8.237323164939880371e-02
-4.002314060926437378e-02
3.458420746028423309e-03
7.320141047239303589e-02
-1.098396629095077515e-01
8.733350783586502075e-03
1.135591231286525726e-02
1.461459696292877197e-02
2.108134888112545013e-02
9.052046574652194977e-03
1.661949306726455688e-01
1.932789199054241180e-02
-1.313073635101318359e-01
-2.972117252647876740e-02
9.271617233753204346e-02
2.989473342895507812e-01
2.280701696872711182e-01
8.049128204584121704e-02
3.503708168864250183e-02
-2.235077694058418274e-02
6.140875071287155151e-02
-2.936548590660095215e-01
6.763309985399246216e-02
1.710026562213897705e-01
4.075944423675537109e-02
9.929433465003967285e-02
1.563486643135547638e-03
-2.253158241510391235e-01
-8.578018099069595337e-02
1.154044866561889648e-01
-2.072903364896774292e-01
1.791640520095825195e-01
8.463564515113830566e-02
-1.788263171911239624e-01
-3.877655044198036194e-02
-3.727052826434373856e-03
1.963909864425659180e-01
7.684238255023956299e-02
-1.660382002592086792e-01
-1.950972229242324829e-01
1.651705950498580933e-01
-2.710148990154266357e-01
-1.263895034790039062e-01
-3.510992042720317841e-03
-1.108549758791923523e-01
-1.487320065498352051e-01
-3.231334388256072998e-01
6.076199561357498169e-02
3.513674139976501465e-01
1.747589707374572754e-01
-1.292934417724609375e-01
4.267562925815582275e-02
-7.102150470018386841e-02
-2.743297442793846130e-02
8.071901649236679077e-02
1.019229441881179810e-01
-5.588416382670402527e-02
-9.667700529098510742e-02
-1.216678395867347717e-01
4.572407528758049011e-02
1.887388676404953003e-01
2.873809821903705597e-02
-8.097977843135595322e-04
3.143723905086517334e-01
7.703192532062530518e-03
5.453981459140777588e-03
1.359360851347446442e-02
1.367026865482330322e-01
-1.188809350132942200e-01
-2.023840136826038361e-02
-8.536896854639053345e-02
1.025480031967163086e-02
2.781964465975761414e-02
-1.123144254088401794e-01
4.804095625877380371e-02
1.683845669031143188e-01
-1.816276609897613525e-01
2.477882206439971924e-01
-5.421827733516693115e-02
1.028112694621086121e-02
-1.384494919329881668e-02
4.471291322261095047e-04
-1.253647357225418091e-01
-1.135337539017200470e-02
1.978111267089843750e-01
-2.095916867256164551e-01
1.824929416179656982e-01
2.103781253099441528e-01
9.997712075710296631e-02
1.751307696104049683e-01
3.064980357885360718e-02
1.096271425485610962e-01
1.067610643804073334e-02
-4.341511428356170654e-02
-2.081118077039718628e-01
-6.992021203041076660e-02
2.211212366819381714e-02
-7.987616956233978271e-02
1.951056532561779022e-02
6.821277737617492676e-02
