-1.056616678833961487e-01
2.527275308966636658e-02
6.002103537321090698e-02
-7.200594991445541382e-02
-1.525507420301437378e-01
-1.456090509891510010e-01
2.770986780524253845e-02
-1.719262152910232544e-01
2.161600887775421143e-01
-9.874843060970306396e-02
1.421397179365158081e-01
-3.119334951043128967e-02
-2.017354965209960938e-01
-4.922726191580295563e-03
-8.179261349141597748e-03
9.483341127634048462e-02
-2.211972773075103760e-01
-2.094978392124176025e-01
-3.803661465644836426e-02
-4.953958839178085327e-02
1.235995292663574219e-01
5.367662757635116577e-02
7.375001907348632812e-02
1.382174342870712280e-01
-2.319741547107696533e-01
-2.540517747402191162e-01
-1.124739348888397217e-01
-2.207303792238235474e-02
-1.808042451739311218e-02
-1.579283922910690308e-02
1.518329679965972900e-01
1.856293678283691406e-01
-1.243871450424194336e-01
2.758280374109745026e-02
5.686012655496597290e-02
9.961903095245361328e-02
-1.835611648857593536e-02
-1.332550495862960815e-01
2.274609059095382690e-01
-1.435824390500783920e-02
-3.177459836006164551e-01
-1.162897124886512756e-01
8.619476854801177979e-02
2.923924624919891357e-01
2.352479696273803711e-01
-6.057883426547050476e-02
-1.249865256249904633e-02
-5.747401341795921326e-02
1.357741057872772217e-01
-3.421275019645690918e-01
-5.461482703685760498e-02
2.440935671329498291e-01
-5.764909088611602783e-02
6.255165487527847290e-02
1.210134476423263550e-01
-1.208570748567581177e-01
1.311133503913879395e-01
9.266673773527145386e-02
-1.718458384275436401e-01
-5.594509840011596680e-02
1.389114409685134888e-01
-1.927520632743835449e-01
6.988597661256790161e-02
-1.062208414077758789e-01
1.016035601496696472e-01
3.040436282753944397e-02
-6.675435602664947510e-02
-1.790381669998168945e-01
1.158713549375534058e-01
-2.422119081020355225e-01
-1.683649867773056030e-01
1.555291414260864258e-01
-1.559965461492538452e-01
-2.151669412851333618e-01
-3.152543008327484131e-01
-7.984099537134170532e-02
4.028493762016296387e-01
2.112829387187957764e-01
-7.586090266704559326e-02
1.217489317059516907e-01
-2.566034905612468719e-02
6.213706731796264648e-02
1.033366098999977112e-01
9.426993876695632935e-02
2.297605201601982117e-02
-1.898413524031639099e-03
-2.098027914762496948e-01
2.572440356016159058e-02
2.185778319835662842e-01
-6.819634139537811279e-02
-1.746815070509910583e-02
2.514224350452423096e-01
6.810748577117919922e-02
-2.077866159379482269e-02
6.215368956327438354e-02
3.537349030375480652e-02
-7.396578788757324219e-02
1.184390559792518616e-01
-1.745995432138442993e-01
1.086313873529434204e-01
7.188026793301105499e-03
4.228987917304039001e-02
5.079289153218269348e-02
7.813721150159835815e-02
-1.350643932819366455e-01
1.863419264554977417e-01
5.245699547231197357e-03
-5.335200577974319458e-02
-1.166086569428443909e-01
-8.358794450759887695e-02
-1.376591622829437256e-01
5.140386987477540970e-03
9.936243295669555664e-02
-2.739850282669067383e-01
1.476836353540420532e-01
1.571160703897476196e-01
4.339011013507843018e-02
1.774824559688568115e-01
6.890808232128620148e-03
7.963637262582778931e-02
-7.038694620132446289e-02
-4.450298100709915161e-02
-7.596455514430999756e-02
-5.662443116307258606e-02
2.336488291621208191e-02
-3.499167412519454956e-02
-1.165802590548992157e-03
1.327253319323062897e-02
