-1.558235883712768555e-01
1.304939985275268555e-01
4.631618969142436981e-03
-9.815252572298049927e-02
-1.122181639075279236e-01
3.259864635765552521e-03
-3.885515779256820679e-02
-1.388879865407943726e-01
1.442147344350814819e-01
-1.860464811325073242e-01
1.754423975944519043e-01
-4.215732216835021973e-02
-3.367945551872253418e-01
1.546368189156055450e-02
-9.637116640806198120e-02
1.564258486032485962e-01
-2.499701976776123047e-01
-1.446244418621063232e-01
-7.270450145006179810e-02
-1.346175968647003174e-01
5.883879214525222778e-02
5.345753580331802368e-02
3.282567858695983887e-02
1.164821833372116089e-01
-1.244011446833610535e-01
-2.864543795585632324e-01
-1.584166660904884338e-02
-8.512221276760101318e-02
-9.755705296993255615e-02
-1.275839060544967651e-01
9.444867819547653198e-02
7.673697173595428467e-02
-1.428070366382598877e-01
7.548488676548004150e-02
-3.507604449987411499e-02
1.272659301757812500e-01
-1.196752768009901047e-02
-1.198466420173645020e-01
2.398139983415603638e-01
3.427469357848167419e-02
-1.872434914112091064e-01
-6.162805110216140747e-02
1.521468460559844971e-01
2.783609926700592041e-01
2.766599357128143311e-01
-1.013636589050292969e-01
1.996390335261821747e-02
-3.060051240026950836e-02
2.119434475898742676e-01
-4.029881954193115234e-01
1.310048811137676239e-02
1.606079787015914917e-01
1.175286397337913513e-01
1.038959324359893799e-01
1.118085384368896484e-01
-1.627363264560699463e-01
-3.637200221419334412e-03
1.801052987575531006e-01
-1.054380461573600769e-01
4.472642391920089722e-02
8.322227001190185547e-02
-7.419207692146301270e-02
7.314443588256835938e-02
-8.476831717416644096e-04
2.881678044795989990e-01
6.909686326980590820e-02
-1.709286421537399292e-01
-6.878836452960968018e-02
1.779356747865676880e-01
-1.894120573997497559e-01
-9.654561430215835571e-02
1.582408547401428223e-01
-1.176303550601005554e-01
-2.416715472936630249e-01
-2.084258049726486206e-01
1.010023504495620728e-01
3.524008989334106445e-01
2.365650534629821777e-01
-2.095865830779075623e-02
5.902171880006790161e-02
-1.380518227815628052e-01
-3.973663598299026489e-02
-2.064053900539875031e-02
1.198623850941658020e-01
-8.173421025276184082e-03
-2.165218628942966461e-02
-8.097016066312789917e-02
7.713006436824798584e-02
2.870634794235229492e-01
1.297720614820718765e-02
-6.059982627630233765e-02
3.715875148773193359e-01
4.172424972057342529e-02
-4.076018556952476501e-02
1.529311668127775192e-02
2.416313812136650085e-02
-8.709207922220230103e-02
-4.517496749758720398e-02
-1.402477324008941650e-01
-6.496636196970939636e-04
-6.085545197129249573e-02
-1.047217994928359985e-01
-9.223178029060363770e-03
4.296498000621795654e-02
-2.029543220996856689e-01
8.560825139284133911e-02
-9.897620975971221924e-02
-2.684113010764122009e-02
-8.531584590673446655e-02
-5.652485787868499756e-02
-9.906531125307083130e-02
4.941440746188163757e-02
1.597368717193603516e-01
-3.233640789985656738e-01
1.431698352098464966e-01
1.388800889253616333e-01
9.567674994468688965e-02
1.828257888555526733e-01
6.540831178426742554e-02
3.956481069326400757e-02
9.072551131248474121e-02
-1.275164484977722168e-01
-5.148025229573249817e-02
-7.989920675754547119e-02
8.243642747402191162e-02
4.684290848672389984e-03
3.308077156543731689e-02
2.586117945611476898e-02
