-6.587458401918411255e-02
4.646506533026695251e-02
2.941673249006271362e-02
-8.197258412837982178e-02
-2.081670053303241730e-02
-1.077462956309318542e-01
3.496055305004119873e-02
-1.134757101535797119e-01
1.441644877195358276e-01
-6.231052428483963013e-02
1.384582817554473877e-01
-8.528234809637069702e-02
-2.834039628505706787e-01
-2.782480046153068542e-02
-1.369581222534179688e-01
4.468471184372901917e-02
-1.910825222730636597e-01
-8.131317794322967529e-02
-1.658643037080764771e-01
-1.035038381814956665e-01
6.811699271202087402e-02
-1.310801366344094276e-03
5.671517178416252136e-02
8.073894679546356201e-02
-1.345774978399276733e-01
-2.729888558387756348e-01
-9.241368621587753296e-02
-1.746356338262557983e-01
2.862386405467987061e-02
-1.233356446027755737e-01
4.003592766821384430e-03
-3.377940133213996887e-02
-2.503240108489990234e-01
-1.139413416385650635e-01
-8.207402378320693970e-02
-3.161553293466567993e-02
3.977265674620866776e-03
-7.957713678479194641e-04
1.866194009780883789e-01
2.699824795126914978e-02
-1.595290154218673706e-01
3.924294561147689819e-02
8.632226288318634033e-02
2.787185907363891602e-01
2.663066089153289795e-01
7.137344777584075928e-02
-3.086408600211143494e-03
-7.856309413909912109e-02
6.866633892059326172e-02
-3.103291094303131104e-01
5.558316409587860107e-02
1.043852046132087708e-01
1.293900907039642334e-01
6.160748004913330078e-02
9.796920418739318848e-02
-1.460387408733367920e-01
2.198051474988460541e-02
7.964095473289489746e-02
-1.870311945676803589e-01
1.657977551221847534e-01
8.002879470586776733e-02
-4.885222762823104858e-02
-9.543625637888908386e-03
7.247645407915115356e-02
1.513003110885620117e-01
5.835567135363817215e-03
-1.025625541806221008e-01
-6.154819950461387634e-02
1.661198139190673828e-01
-3.016249537467956543e-01
8.665411733090877533e-03
6.650031358003616333e-02
9.274850599467754364e-03
-1.867057979106903076e-01
-2.924880087375640869e-01
3.637316450476646423e-02
4.099548757076263428e-01
1.634054929018020630e-01
-1.670046597719192505e-01
4.693219810724258423e-02
-1.883803009986877441e-01
-4.546406865119934082e-02
1.165340840816497803e-01
-2.303139306604862213e-02
-8.425132185220718384e-02
1.258231885731220245e-02
-1.212600469589233398e-01
5.555783957242965698e-02
2.035778015851974487e-01
-4.412282258272171021e-02
6.054067052900791168e-03
2.537018358707427979e-01
2.734631858766078949e-02
-6.628677248954772949e-02
6.698415428400039673e-02
6.962355226278305054e-02
-1.572477221488952637e-01
2.246397733688354492e-02
-1.443737745285034180e-01
9.954262524843215942e-02
3.913458436727523804e-02
-1.376787722110748291e-01
-3.173503279685974121e-02
-7.141303271055221558e-03
-2.056298553943634033e-01
1.055092364549636841e-01
4.011840559542179108e-03
-1.688528209924697876e-01
-7.616419345140457153e-02
-4.399552568793296814e-02
-1.606988459825515747e-01
-2.723961882293224335e-02
2.091410309076309204e-01
-2.890664935111999512e-01
2.057041674852371216e-01
2.537713646888732910e-01
2.603584155440330505e-02
1.465888321399688721e-01
4.225601255893707275e-02
6.453908048570156097e-03
4.779050126671791077e-02
-8.934931829571723938e-03
-8.392383158206939697e-02
-1.129688099026679993e-01
3.562314808368682861e-02
-5.546854808926582336e-02
5.448608100414276123e-02
1.583494059741497040e-02
