-1.596980243921279907e-01
5.166969820857048035e-02
2.410517260432243347e-02
-1.401709318161010742e-01
-1.278469711542129517e-01
-8.831033110618591309e-02
-9.040012955665588379e-04
-1.227027252316474915e-01
-9.344702586531639099e-03
1.056715659797191620e-02
1.944823116064071655e-01
-5.148552730679512024e-02
-2.723576426506042480e-01
-1.499300450086593628e-01
1.445074081420898438e-01
5.083939060568809509e-02
-2.740153297781944275e-02
-9.691359102725982666e-02
-2.244660407304763794e-01
-3.045337833464145660e-02
-3.395757824182510376e-02
9.867931716144084930e-03
7.236250489950180054e-02
-3.469508886337280273e-02
-1.541270166635513306e-01
-3.577829301357269287e-01
-4.733058810234069824e-02
-5.884832888841629028e-02
-6.584193557500839233e-03
-5.819854512810707092e-02
1.399825811386108398e-01
1.724549382925033569e-01
-2.136677354574203491e-01
-3.356963396072387695e-02
4.997474700212478638e-02
7.816601544618606567e-02
-1.093277186155319214e-01
-2.151574939489364624e-02
2.647841572761535645e-01
-5.632727220654487610e-02
-2.379432320594787598e-01
-9.891951456665992737e-03
5.813023820519447327e-02
2.203895151615142822e-01
1.908838301897048950e-01
-4.125296324491500854e-02
2.745666354894638062e-02
-3.644447773694992065e-02
1.394345164299011230e-01
-2.973220646381378174e-01
6.111464649438858032e-02
1.720591634511947632e-01
8.807346224784851074e-02
3.701545670628547668e-02
1.232598498463630676e-01
-8.740064501762390137e-02
9.490442276000976562e-02
1.924915909767150879e-01
-2.535638809204101562e-01
3.243825212121009827e-02
2.092001959681510925e-02
-1.477107703685760498e-01
-1.854121536016464233e-01
-1.870763301849365234e-01
1.835146099328994751e-01
8.851155638694763184e-02
-1.922556608915328979e-01
-4.930477961897850037e-02
8.479885011911392212e-02
-2.926378510892391205e-02
-2.722964994609355927e-02
1.196520775556564331e-01
-1.741375029087066650e-01
-2.151125222444534302e-01
-3.222915530204772949e-01
8.057978749275207520e-02
2.568887472152709961e-01
1.382212489843368530e-01
-2.801422178745269775e-01
-9.507789276540279388e-03
-5.953722819685935974e-02
4.618492908775806427e-03
5.002564284950494766e-03
2.235102280974388123e-02
-9.576550871133804321e-02
-7.652215659618377686e-02
-1.322770956903696060e-02
5.062397569417953491e-02
1.503250300884246826e-01
-5.809488147497177124e-02
-1.422203611582517624e-02
2.695545256137847900e-01
3.087347932159900665e-02
5.567166581749916077e-02
-4.989533126354217529e-02
1.024403702467679977e-02
-6.224952638149261475e-02
-1.269556432962417603e-01
-1.169450655579566956e-01
-1.838789321482181549e-04
1.760581582784652710e-01
-1.474426537752151489e-01
7.363493554294109344e-03
1.242261603474617004e-01
-2.149407565593719482e-01
2.530387341976165771e-01
4.611061885952949524e-02
4.803188145160675049e-02
6.608144193887710571e-02
-1.029160171747207642e-01
4.856991115957498550e-03
-1.087800879031419754e-02
1.048354730010032654e-01
-2.511699199676513672e-01
2.835375964641571045e-01
1.924871057271957397e-01
-2.170840650796890259e-02
9.436008334159851074e-02
1.084713935852050781e-01
-2.159903384745121002e-02
-3.599997982382774353e-02
4.009384661912918091e-02
-1.646532565355300903e-01
-9.118200838565826416e-02
1.679619103670120239e-01
1.194133982062339783e-02
3.697083331644535065e-03
1.343616470694541931e-02
