-1.062429472804069519e-01
9.039876610040664673e-02
4.041463509202003479e-02
-6.993995606899261475e-02
-6.444721668958663940e-02
-4.443477094173431396e-02
-9.280946850776672363e-02
-1.043291017413139343e-01
1.117993965744972229e-01
3.018393367528915405e-02
1.636278629302978516e-01
-4.932016506791114807e-02
-2.725232541561126709e-01
-9.032435715198516846e-02
-5.027134343981742859e-02
6.482896208763122559e-02
-1.713038980960845947e-01
-5.804067105054855347e-02
-1.826844513416290283e-01
-5.782876908779144287e-02
-4.944661259651184082e-02
2.803430892527103424e-02
6.658869981765747070e-02
-1.840191334486007690e-02
-6.193990260362625122e-02
-3.670658469200134277e-01
-5.874026194214820862e-02
-1.230168864130973816e-01
7.447816431522369385e-02
-1.479325443506240845e-01
7.650529034435749054e-03
3.962432593107223511e-02
-3.125380873680114746e-01
-1.236537992954254150e-01
-1.751965656876564026e-02
3.863274306058883667e-02
-6.782778352499008179e-02
-5.542624741792678833e-02
2.741066217422485352e-01
-6.341277621686458588e-03
-1.973656713962554932e-01
2.029271237552165985e-02
5.876569449901580811e-02
1.465879380702972412e-01
2.487311214208602905e-01
3.243496641516685486e-02
-8.587253093719482422e-02
-5.609134584665298462e-02
2.145164757966995239e-01
-2.354995161294937134e-01
8.665286749601364136e-02
2.675837278366088867e-01
1.548268944025039673e-01
9.810750931501388550e-02
8.986838161945343018e-02
-1.190468445420265198e-01
5.618299543857574463e-02
1.349410563707351685e-01
-2.133133709430694580e-01
1.467792503535747528e-02
4.633709788322448730e-02
-8.820141851902008057e-02
-3.371375054121017456e-02
-4.035849496722221375e-02
9.033504873514175415e-02
5.939886346459388733e-02
-9.099416434764862061e-02
-1.108318045735359192e-01
1.571680754423141479e-01
-9.945937991142272949e-02
2.496333420276641846e-02
8.201434463262557983e-02
-5.808978155255317688e-02
-1.847646534442901611e-01
-3.087335526943206787e-01
6.653364747762680054e-02
2.587404549121856689e-01
1.070245057344436646e-01
-2.378628402948379517e-01
-2.347778063267469406e-03
-1.402814239263534546e-01
-1.570344418287277222e-01
-1.776787266135215759e-02
8.056500926613807678e-03
-6.658753752708435059e-02
-6.708193570375442505e-02
-5.942082032561302185e-02
-1.859594695270061493e-02
1.594887524843215942e-01
1.283994689583778381e-02
1.252205949276685715e-02
2.195090800523757935e-01
-2.605734393000602722e-02
4.898906871676445007e-02
8.950225077569484711e-03
1.010170876979827881e-01
-1.948899775743484497e-01
-5.389005318284034729e-02
-1.346094012260437012e-01
3.027379140257835388e-02
7.987706363201141357e-02
-9.362497925758361816e-02
-7.694182544946670532e-02
8.343527466058731079e-02
-1.538561731576919556e-01
1.936912685632705688e-01
4.113098606467247009e-02
-3.977094590663909912e-02
-3.062082454562187195e-02
-1.235765069723129272e-01
-3.897281736135482788e-02
2.925413195043802261e-03
1.769235879182815552e-01
-2.318305522203445435e-01
3.574058115482330322e-01
1.170049533247947693e-01
-4.293097555637359619e-02
1.326575279235839844e-01
9.628304839134216309e-02
3.061528131365776062e-02
-2.837271243333816528e-02
-3.613844141364097595e-02
-1.678469181060791016e-01
-2.059578746557235718e-01
6.676347553730010986e-02
-1.305435132235288620e-02
7.037145085632801056e-03
3.008022159337997437e-02
