-8.594234474003314972e-03
1.944263875484466553e-01
-3.252494707703590393e-02
-5.816498026251792908e-02
-1.077242568135261536e-01
5.775371566414833069e-02
-1.146480441093444824e-02
-1.561010330915451050e-01
1.237547174096107483e-01
-2.485575154423713684e-02
2.811822295188903809e-01
5.734212324023246765e-02
-2.265546321868896484e-01
-1.404900550842285156e-01
3.798459842801094055e-02
9.479435533285140991e-02
-1.203647777438163757e-01
-1.891732960939407349e-01
-1.215776503086090088e-01
-4.440490156412124634e-02
-3.523731604218482971e-02
-2.504727616906166077e-02
5.993778258562088013e-02
-2.754021668806672096e-03
-9.917491674423217773e-02
-2.959986031055450439e-01
8.480577729642391205e-03
-4.971050843596458435e-02
7.056119292974472046e-02
-1.653109639883041382e-01
1.074382290244102478e-01
8.699267357587814331e-02
-1.440720409154891968e-01
-3.043065965175628662e-02
2.349606901407241821e-02
1.054007411003112793e-01
-1.246580183506011963e-01
-5.935201793909072876e-02
3.067495822906494141e-01
4.647294990718364716e-03
-2.076016515493392944e-01
6.971182674169540405e-02
-1.600669696927070618e-02
3.155030012130737305e-01
2.022937685251235962e-01
-4.868460819125175476e-02
7.862177491188049316e-02
-7.412993162870407104e-02
7.674670964479446411e-02
-2.673749327659606934e-01
1.259583830833435059e-01
1.568795144557952881e-01
1.123596802353858948e-01
8.674004673957824707e-02
4.599235020577907562e-03
-1.991348713636398315e-01
-2.417590469121932983e-02
1.297352463006973267e-01
-1.902301460504531860e-01
9.127553552389144897e-03
9.281908720731735229e-02
-7.168985158205032349e-02
-3.807521983981132507e-02
-4.653688892722129822e-02
2.313349843025207520e-01
1.428982615470886230e-01
-1.115936040878295898e-01
-1.464801728725433350e-01
1.213391050696372986e-01
-6.892194598913192749e-02
-9.983298927545547485e-02
1.114514917135238647e-01
-1.104992181062698364e-01
-1.696990579366683960e-01
-2.110016793012619019e-01
1.353463530540466309e-01
3.491403162479400635e-01
1.170242130756378174e-01
-1.833481192588806152e-01
-5.300626903772354126e-02
-9.454323351383209229e-02
1.729349605739116669e-02
7.361804135143756866e-03
-1.308574806898832321e-03
-9.352798759937286377e-02
-7.988185435533523560e-02
-8.034859597682952881e-02
2.188570797443389893e-02
1.849796473979949951e-01
-1.639614626765251160e-02
-1.378056406974792480e-01
2.094351351261138916e-01
4.209994524717330933e-02
-4.623276181519031525e-03
5.538742989301681519e-02
8.075883984565734863e-02
-1.328251324594020844e-02
7.795557379722595215e-02
-1.496276408433914185e-01
-2.369767427444458008e-02
7.336826622486114502e-02
-1.322217732667922974e-01
5.418619140982627869e-02
1.079264357686042786e-01
-1.921775043010711670e-01
2.199391722679138184e-01
1.038742344826459885e-02
4.497166723012924194e-02
7.084812968969345093e-02
2.144058980047702789e-02
-7.504776120185852051e-02
-2.649380639195442200e-02
1.893503963947296143e-01
-3.321449160575866699e-01
3.151150941848754883e-01
1.891256570816040039e-01
8.325702697038650513e-02
1.456090360879898071e-01
1.462125778198242188e-01
7.448921352624893188e-02
4.812176525592803955e-02
-4.918292164802551270e-02
-1.240082904696464539e-01
-7.031789422035217285e-02
3.651201352477073669e-02
6.983752548694610596e-02
4.651775211095809937e-02
8.840639889240264893e-02
