-1.308675110340118408e-01
1.441604346036911011e-01
-7.554604671895503998e-03
-3.093355894088745117e-02
-4.609769955277442932e-02
-2.979349344968795776e-02
-7.332912087440490723e-02
-6.125629693269729614e-02
1.120722591876983643e-01
1.165827363729476929e-02
2.413709908723831177e-01
5.085516721010208130e-02
-2.117386907339096069e-01
-4.935238510370254517e-02
-9.907116740942001343e-02
2.270670607686042786e-03
-2.320244163274765015e-01
-5.763896182179450989e-02
-7.424600422382354736e-02
-4.507384449243545532e-02
6.028873473405838013e-02
9.470792114734649658e-02
4.712266102433204651e-02
4.993456602096557617e-02
-2.005744576454162598e-01
-2.913283705711364746e-01
-1.257253736257553101e-01
-8.487153798341751099e-02
4.763427749276161194e-02
-8.083653450012207031e-02
6.785441190004348755e-02
5.028288811445236206e-02
-2.028033733367919922e-01
-8.238585293292999268e-02
8.053448051214218140e-03
3.985873982310295105e-02
-8.010523766279220581e-02
-1.458649337291717529e-02
2.140736281871795654e-01
1.878652349114418030e-02
-4.142820090055465698e-02
3.212504088878631592e-02
3.326295316219329834e-02
4.045544564723968506e-01
2.512483000755310059e-01
-1.135313045233488083e-02
2.362043783068656921e-02
-6.210380047559738159e-02
1.687283068895339966e-01
-3.541514873504638672e-01
1.509178280830383301e-01
1.426259577274322510e-01
1.788730174303054810e-01
6.048193573951721191e-02
1.390493214130401611e-01
-1.317280083894729614e-01
-3.383479267358779907e-02
2.726470828056335449e-01
-1.729205101728439331e-01
1.664075702428817749e-01
-2.260227128863334656e-02
-3.135837614536285400e-02
1.897989399731159210e-02
-1.171746775507926941e-01
1.834211051464080811e-01
9.685567766427993774e-02
-1.452572792768478394e-01
-1.456495821475982666e-01
1.821975857019424438e-01
-1.528612822294235229e-01
-3.077155910432338715e-02
1.586843281984329224e-01
-6.183773651719093323e-02
-2.291727215051651001e-01
-3.523880243301391602e-01
1.230377778410911560e-01
3.838260471820831299e-01
1.744486391544342041e-01
-1.716504395008087158e-01
8.311522193253040314e-03
-6.186745688319206238e-02
-7.954116165637969971e-02
1.065571606159210205e-02
3.359372168779373169e-02
-1.331869363784790039e-01
-8.255454897880554199e-02
-1.386663168668746948e-01
4.253588989377021790e-02
2.334500998258590698e-01
4.701965674757957458e-02
-1.052824035286903381e-01
2.718056440353393555e-01
3.495574742555618286e-02
1.513977535068988800e-02
9.143278747797012329e-02
2.368365414440631866e-02
-1.418706476688385010e-01
-4.843932017683982849e-02
-1.585205793380737305e-01
8.137750625610351562e-02
-5.533838644623756409e-02
-1.145289987325668335e-01
-8.008188009262084961e-02
1.585661619901657104e-01
-5.167129635810852051e-02
1.717064529657363892e-01
-2.216574922204017639e-02
-2.998365461826324463e-02
-5.793028324842453003e-02
-8.823038637638092041e-02
-1.551796644926071167e-01
-2.904299274086952209e-02
1.918653547763824463e-01
-3.215074241161346436e-01
1.597851514816284180e-01
6.389176100492477417e-02
7.227586209774017334e-02
1.810142248868942261e-01
3.617936372756958008e-02
3.233109414577484131e-02
-2.096300199627876282e-02
2.284649759531021118e-02
-1.685812175273895264e-01
-4.012428596615791321e-02
7.188802957534790039e-02
-1.054072901606559753e-01
9.059322997927665710e-03
7.448581513017416000e-03
