-1.941299885511398315e-01
4.216670617461204529e-02
1.061354577541351318e-01
-7.447119802236557007e-02
-1.356762945652008057e-01
1.856789179146289825e-02
-2.067250199615955353e-02
-3.420687280595302582e-03
1.232657656073570251e-01
-6.637348979711532593e-02
1.334973424673080444e-01
-4.236932471394538879e-02
-2.971750199794769287e-01
1.128385439515113831e-01
-3.036578744649887085e-02
7.376295328140258789e-02
-1.384730190038681030e-01
-6.258383393287658691e-02
-7.135862112045288086e-02
-9.161171317100524902e-02
5.613678321242332458e-02
8.812746405601501465e-02
-6.310642510652542114e-02
5.432275682687759399e-02
-4.923321306705474854e-02
-3.031915724277496338e-01
-7.212869077920913696e-02
-1.148023903369903564e-01
6.903094053268432617e-02
-1.648028343915939331e-01
-2.569004893302917480e-02
-1.606556773185729980e-02
-1.510963439941406250e-01
-8.431371301412582397e-02
1.654960215091705322e-03
4.545677453279495239e-02
-2.526467200368642807e-03
-6.190028786659240723e-02
2.174773067235946655e-01
-2.417517453432083130e-02
-8.519934862852096558e-02
-2.212345413863658905e-02
1.091873198747634888e-01
2.928016483783721924e-01
7.879777997732162476e-02
1.335628777742385864e-01
-2.982376515865325928e-02
2.443815767765045166e-02
1.512559801340103149e-01
-3.030352592468261719e-01
1.002826839685440063e-01
8.206316083669662476e-02
1.514865756034851074e-01
6.874784827232360840e-02
1.066502258181571960e-01
-2.508840858936309814e-01
5.209689587354660034e-02
7.712434977293014526e-02
-2.234279513359069824e-01
2.593523263931274414e-01
3.706528991460800171e-02
-9.644011408090591431e-02
2.310657873749732971e-03
1.134556438773870468e-02
2.537038922309875488e-01
5.543753132224082947e-02
-7.484108209609985352e-02
-1.408943384885787964e-01
1.395243555307388306e-01
-1.601790189743041992e-01
-2.797547914087772369e-02
6.773031502962112427e-02
-1.132581979036331177e-01
-1.416107714176177979e-01
-2.090301215648651123e-01
5.741491913795471191e-02
3.478699624538421631e-01
1.333878189325332642e-01
-1.953833699226379395e-01
1.430889684706926346e-02
-2.427729964256286621e-02
-1.035730987787246704e-01
8.080695569515228271e-02
8.897104114294052124e-02
-4.304758831858634949e-02
-3.541550785303115845e-02
-9.291090816259384155e-02
5.214907228946685791e-02
2.174696624279022217e-01
6.192621774971485138e-03
-2.391928061842918396e-02
2.691307365894317627e-01
5.650012940168380737e-02
2.044811099767684937e-02
4.811726044863462448e-03
4.033723473548889160e-02
-1.362779289484024048e-01
-7.222151756286621094e-02
-9.538214653730392456e-02
-6.048624403774738312e-03
1.004691794514656067e-01
-6.020993739366531372e-02
-1.496260520070791245e-02
1.426740288734436035e-01
-2.056136876344680786e-01
1.226668432354927063e-01
-7.452341169118881226e-02
-3.597719222307205200e-02
-6.558635085821151733e-02
-2.611006377264857292e-03
-1.397189795970916748e-01
-1.730163022875785828e-02
1.982326209545135498e-01
-2.375070601701736450e-01
1.779770255088806152e-01
2.140605896711349487e-01
1.299486123025417328e-02
9.161387383937835693e-02
-1.759154349565505981e-02
-2.384252846240997314e-02
1.321622580289840698e-01
4.575253650546073914e-02
-1.860681176185607910e-01
-1.055662631988525391e-01
6.917039304971694946e-02
-8.537703007459640503e-02
-1.810902729630470276e-03
7.922994345426559448e-02
