-1.027910932898521423e-01
1.773386895656585693e-01
1.368960291147232056e-01
-7.501579076051712036e-02
-1.922076642513275146e-01
1.501518301665782928e-02
-8.538595587015151978e-02
-5.648913979530334473e-02
1.346784830093383789e-01
-9.069312363862991333e-02
1.721095293760299683e-01
3.644859045743942261e-02
-3.211876153945922852e-01
-5.335450172424316406e-03
-4.141026362776756287e-02
1.248622760176658630e-01
-2.221816778182983398e-01
-1.959131211042404175e-01
-9.223394840955734253e-02
-8.951927721500396729e-02
1.752232201397418976e-02
1.315494924783706665e-01
-4.432169348001480103e-02
1.486377045512199402e-02
-1.360750794410705566e-01
-3.386686146259307861e-01
-4.813282936811447144e-02
-2.859971858561038971e-02
1.193774342536926270e-01
-1.519378125667572021e-01
-2.874084189534187317e-02
7.321842131204903126e-04
-1.105782017111778259e-01
-5.874952673912048340e-02
3.562687337398529053e-02
9.108614921569824219e-02
-6.839215755462646484e-03
-1.382404565811157227e-01
2.474970519542694092e-01
1.355859041213989258e-01
-2.140879034996032715e-01
1.449821051210165024e-02
5.246250703930854797e-02
3.875088989734649658e-01
1.670603752136230469e-01
1.362252607941627502e-02
4.301498457789421082e-02
6.511349976062774658e-02
1.976949572563171387e-01
-2.249823063611984253e-01
7.832695543766021729e-02
1.795039027929306030e-01
2.478802204132080078e-01
4.036403447389602661e-02
1.180314794182777405e-01
-2.560979127883911133e-01
8.311290293931961060e-03
1.828053891658782959e-01
-2.219416648149490356e-01
9.664000570774078369e-02
1.082255914807319641e-01
-1.578513532876968384e-01
4.281335696578025818e-02
-3.632788360118865967e-02
1.456947475671768188e-01
3.818393126130104065e-02
-7.798910140991210938e-02
-1.560332328081130981e-01
1.300743073225021362e-01
-1.256304383277893066e-01
-1.007080748677253723e-01
5.321253463625907898e-02
-1.331350505352020264e-01
-2.188003063201904297e-02
-3.120060563087463379e-01
-1.995952799916267395e-02
3.450916409492492676e-01
1.131178736686706543e-01
-1.646385192871093750e-01
-4.656702280044555664e-02
9.123337455093860626e-03
-1.660461723804473877e-02
1.738478057086467743e-02
6.108918786048889160e-02
-1.561514139175415039e-01
9.721864946186542511e-03
-1.384768784046173096e-01
-6.851503625512123108e-03
1.815713495016098022e-01
8.628796041011810303e-02
-7.226904481649398804e-02
1.786183267831802368e-01
6.467910110950469971e-02
-2.284823916852474213e-02
8.005824685096740723e-02
1.305941492319107056e-02
-1.572250127792358398e-01
-7.608141005039215088e-02
-4.330941662192344666e-02
6.043153814971446991e-03
-6.042215041816234589e-03
-1.932058185338973999e-01
-9.148821234703063965e-03
1.049222722649574280e-01
-2.312600314617156982e-01
1.361831426620483398e-01
-1.250339858233928680e-02
1.644884608685970306e-02
-8.873932808637619019e-02
2.419368736445903778e-02
-1.435184776782989502e-01
2.128157392144203186e-02
2.104147523641586304e-01
-2.854343652725219727e-01
1.621638834476470947e-01
2.553905248641967773e-01
-1.701355911791324615e-03
1.103400886058807373e-01
7.990005612373352051e-02
-3.165234625339508057e-02
-4.174243286252021790e-02
-7.426647469401359558e-03
-7.942371070384979248e-02
-2.158650457859039307e-01
-7.907241582870483398e-03
-9.466235339641571045e-02
1.333686709403991699e-01
7.844362407922744751e-02
