-7.438766211271286011e-02
8.638071268796920776e-02
1.994964480400085449e-02
-1.979653164744377136e-02
-8.865054696798324585e-04
-4.286267608404159546e-02
-4.342901334166526794e-02
-1.761972308158874512e-01
1.437771320343017578e-01
-6.775406002998352051e-02
2.624811828136444092e-01
-1.161861419677734375e-02
-1.718965619802474976e-01
-1.018274277448654175e-01
-7.003152370452880859e-02
1.009676754474639893e-01
-1.464391052722930908e-01
-5.892105028033256531e-02
-1.094843149185180664e-01
2.741058543324470520e-02
7.435719668865203857e-02
6.723058223724365234e-02
2.034295350313186646e-02
-2.219819091260433197e-02
-7.545005530118942261e-02
-2.580317854881286621e-01
-1.053065285086631775e-01
-2.084351517260074615e-02
7.507558166980743408e-02
-1.890384033322334290e-02
-3.638056293129920959e-02
3.862496092915534973e-02
-1.947733163833618164e-01
-1.628710627555847168e-01
1.116378158330917358e-01
5.941057205200195312e-02
-3.934732638299465179e-03
3.313790075480937958e-03
2.137683331966400146e-01
-1.726134307682514191e-02
-2.111953049898147583e-01
7.398536801338195801e-02
8.502067625522613525e-02
2.390975356101989746e-01
2.683667242527008057e-01
7.861822843551635742e-02
-5.654006451368331909e-02
-1.512119323015213013e-01
1.198156103491783142e-01
-1.922259479761123657e-01
6.139038503170013428e-02
1.398921310901641846e-01
1.415935605764389038e-01
7.025361061096191406e-02
6.275517493486404419e-02
-1.459307521581649780e-01
-5.755712278187274933e-03
8.562881499528884888e-02
-1.229296550154685974e-01
-3.256370499730110168e-02
6.907746940851211548e-02
-3.698786720633506775e-02
1.321745943278074265e-02
-2.382794581353664398e-02
1.287027448415756226e-01
2.602178975939750671e-02
-1.103970408439636230e-01
-2.322229444980621338e-01
1.161736547946929932e-01
-1.417924165725708008e-01
-8.673113584518432617e-02
9.977056831121444702e-02
-1.133857145905494690e-01
-1.504780352115631104e-01
-3.132384419441223145e-01
5.828420631587505341e-03
4.284364879131317139e-01
1.301372051239013672e-01
-2.188941538333892822e-01
9.631180763244628906e-02
-8.225899934768676758e-02
-5.686007067561149597e-02
1.076620891690254211e-01
6.629534810781478882e-02
1.959284022450447083e-02
1.199512463063001633e-02
-4.453267157077789307e-02
-5.614796280860900879e-02
2.002221792936325073e-01
-1.150866504758596420e-02
-1.069895252585411072e-01
2.020191252231597900e-01
-3.313671797513961792e-02
6.243573129177093506e-02
5.714728310704231262e-02
3.587102517485618591e-02
-8.038276433944702148e-02
3.459049388766288757e-02
-1.755416244268417358e-01
-8.423928916454315186e-02
7.391816377639770508e-02
4.236860945820808411e-02
6.905835121870040894e-02
1.901289522647857666e-01
-1.619923114776611328e-01
2.203676402568817139e-01
-1.816599816083908081e-02
8.028213679790496826e-02
7.741719484329223633e-02
-6.106050685048103333e-03
-6.083487719297409058e-02
1.691677048802375793e-02
1.264325082302093506e-01
-2.491646856069564819e-01
2.531347572803497314e-01
8.839081227779388428e-02
7.067238911986351013e-03
7.432632148265838623e-02
1.464485675096511841e-01
4.744974151253700256e-02
4.478432610630989075e-02
8.422330766916275024e-02
-1.990674883127212524e-01
-1.312779635190963745e-01
3.325892984867095947e-02
-3.895256295800209045e-02
1.645758897066116333e-01
7.469359785318374634e-03
