-6.419054418802261353e-02
2.841533422470092773e-01
7.650563865900039673e-02
-1.005018204450607300e-01
-8.859893679618835449e-02
1.247300431132316589e-01
-7.750381529331207275e-02
-9.317129850387573242e-02
1.768607497215270996e-01
7.880469784140586853e-03
1.267775446176528931e-01
5.732908844947814941e-02
-2.360701411962509155e-01
6.456565856933593750e-02
-1.880258321762084961e-02
1.108397170901298523e-01
-2.425278127193450928e-01
-1.146275550127029419e-01
-1.984400451183319092e-01
-6.442736089229583740e-02
-8.467710018157958984e-02
1.419124603271484375e-01
2.705627866089344025e-02
1.438544224947690964e-02
-1.033352911472320557e-01
-3.322796821594238281e-01
-3.797391802072525024e-02
-8.397299796342849731e-02
1.171915233135223389e-01
-1.272233426570892334e-01
3.649162128567695618e-03
-3.962295874953269958e-02
-2.096427083015441895e-01
-9.568005055189132690e-02
6.562867760658264160e-02
2.300276234745979309e-02
-5.578545480966567993e-02
-8.042959868907928467e-02
1.747169792652130127e-01
7.708912715315818787e-03
-9.100160747766494751e-02
8.532217890024185181e-02
1.194295734167098999e-01
3.328944742679595947e-01
1.967631280422210693e-01
5.510403309017419815e-03
4.135354608297348022e-02
-7.006275653839111328e-02
9.661322832107543945e-02
-2.461761236190795898e-01
1.264755725860595703e-01
1.352945268154144287e-01
1.250310093164443970e-01
1.245806738734245300e-01
9.605953097343444824e-02
-1.537149846553802490e-01
1.929482072591781616e-02
1.929613947868347168e-01
-1.646209806203842163e-01
2.134788930416107178e-01
1.825870722532272339e-01
-3.041799739003181458e-02
5.117934197187423706e-04
2.428246662020683289e-02
1.785585880279541016e-01
5.581820011138916016e-02
-1.090189665555953979e-01
-1.769399642944335938e-01
5.229923874139785767e-02
-1.044201403856277466e-01
-3.373300656676292419e-02
1.640688627958297729e-03
-9.889959543943405151e-02
-1.483521312475204468e-01
-2.918151021003723145e-01
1.038676425814628601e-01
3.743143677711486816e-01
1.918292194604873657e-01
-2.217249870300292969e-01
-4.771162569522857666e-02
-5.726485326886177063e-02
-2.894636616110801697e-02
7.040053606033325195e-02
6.190767884254455566e-02
-1.295927315950393677e-01
-1.231641769409179688e-01
-5.513548851013183594e-02
1.061387807130813599e-01
2.571160197257995605e-01
6.644868850708007812e-02
-5.438303202390670776e-02
2.462477535009384155e-01
5.863541364669799805e-02
-8.019646257162094116e-02
-2.074416354298591614e-02
6.865638494491577148e-02
-1.315061002969741821e-01
-4.893318563699722290e-02
-1.835998892784118652e-01
4.591967537999153137e-02
-4.411022365093231201e-02
-2.080065757036209106e-02
-3.266621753573417664e-02
1.884912699460983276e-01
-1.498596817255020142e-01
1.307176053524017334e-01
2.819252200424671173e-02
-6.140970811247825623e-02
9.867690503597259521e-03
6.077516824007034302e-02
-1.452326327562332153e-01
-1.272282898426055908e-01
2.315783798694610596e-01
-2.152861505746841431e-01
1.991922855377197266e-01
2.367212921380996704e-01
5.913039669394493103e-02
6.371777504682540894e-02
6.205040588974952698e-02
5.252764746546745300e-02
1.119909286499023438e-01
8.473880589008331299e-02
-9.465046226978302002e-02
-1.100611463189125061e-01
5.865145102143287659e-02
-5.211041122674942017e-02
1.073124166578054428e-02
4.825174808502197266e-02
