-6.567777693271636963e-02
1.524516046047210693e-01
7.850410044193267822e-02
-8.311428874731063843e-02
-1.448024362325668335e-01
3.668716549873352051e-02
-1.612302064895629883e-01
-6.513833999633789062e-02
1.091286018490791321e-01
-2.964772656559944153e-02
2.514885365962982178e-01
6.460519134998321533e-02
-1.771765649318695068e-01
-1.155552938580513000e-01
-3.573206439614295959e-02
1.029902249574661255e-01
-1.740129441022872925e-01
-1.727273464202880859e-01
-3.318817541003227234e-02
-4.885530471801757812e-02
3.317985683679580688e-02
1.078467257320880890e-02
2.373326011002063751e-02
8.196479082107543945e-02
-1.453417688608169556e-01
-3.444912433624267578e-01
-1.556119881570339203e-03
-4.614591971039772034e-02
3.787557780742645264e-02
-1.584094315767288208e-01
6.269398331642150879e-02
1.441362127661705017e-02
-2.020549029111862183e-01
-9.033168107271194458e-02
1.816111803054809570e-02
8.522857725620269775e-02
-1.155719086527824402e-01
-9.915987402200698853e-02
2.263618409633636475e-01
6.453347951173782349e-02
-1.580414772033691406e-01
1.211656183004379272e-01
3.546896949410438538e-02
3.273091912269592285e-01
1.877180933952331543e-01
4.994554072618484497e-02
5.462329089641571045e-02
-1.541971415281295776e-02
1.423888951539993286e-01
-2.425913810729980469e-01
7.206013798713684082e-02
2.378732562065124512e-01
1.560996174812316895e-01
3.557771816849708557e-02
9.736514836549758911e-02
-1.800828427076339722e-01
9.624588489532470703e-02
1.961605101823806763e-01
-1.566108614206314087e-01
6.679332256317138672e-02
3.329284489154815674e-02
-3.134979307651519775e-02
1.061768233776092529e-01
1.676499284803867340e-02
1.895771920680999756e-01
2.436673454940319061e-02
-6.640631705522537231e-02
-5.828875675797462463e-02
1.010129079222679138e-01
1.924268901348114014e-02
-6.278933584690093994e-02
8.552988618612289429e-02
-1.337670832872390747e-01
-1.911893188953399658e-01
-2.154711484909057617e-01
8.679001033306121826e-02
3.632032573223114014e-01
1.547006666660308838e-01
-2.317954897880554199e-01
-7.401231676340103149e-03
-5.946220085024833679e-02
1.510926336050033569e-02
3.112172521650791168e-02
1.646048948168754578e-02
-1.008024364709854126e-01
-1.285955011844635010e-01
-1.459647864103317261e-01
-1.445094402879476547e-02
1.424201428890228271e-01
1.025594919919967651e-01
-3.310333192348480225e-02
2.308441400527954102e-01
1.118836328387260437e-01
-3.522433713078498840e-02
9.019136428833007812e-02
2.794083207845687866e-02
-1.686192005872726440e-01
4.304940998554229736e-02
-1.423451304435729980e-01
-5.910233408212661743e-02
-1.629411429166793823e-02
-5.628333985805511475e-02
2.878604456782341003e-03
1.040240526199340820e-01
-2.131796777248382568e-01
1.491927653551101685e-01
2.290178090333938599e-02
-8.270789869129657745e-03
-2.828495576977729797e-02
7.090988755226135254e-02
-8.660508692264556885e-02
-4.295774549245834351e-02
1.014261692762374878e-01
-2.706603705883026123e-01
2.046013474464416504e-01
2.075860947370529175e-01
1.052541509270668030e-01
1.632239967584609985e-01
1.577174514532089233e-01
2.363263629376888275e-03
-2.195185050368309021e-03
-5.131671205163002014e-02
-6.494729965925216675e-02
-1.131347939372062683e-01
9.417021647095680237e-04
-2.962118759751319885e-02
8.040075004100799561e-02
5.151193588972091675e-02
