-1.538991779088973999e-01
8.290453255176544189e-02
3.614952415227890015e-02
-3.837462514638900757e-02
-9.725976735353469849e-02
5.221742391586303711e-02
-8.876472711563110352e-04
-1.267171949148178101e-01
4.483602568507194519e-02
-7.032531499862670898e-02
1.761940419673919678e-01
-7.164920866489410400e-02
-3.683353066444396973e-01
2.947363071143627167e-02
-9.094661474227905273e-02
7.145015895366668701e-02
-9.591363370418548584e-02
-5.287213250994682312e-02
-1.897171288728713989e-01
-1.263333112001419067e-01
-7.477677613496780396e-02
1.030557975172996521e-01
1.093410048633813858e-02
-2.287881262600421906e-02
-6.255070865154266357e-02
-2.199694216251373291e-01
-3.349355608224868774e-02
-1.032795682549476624e-01
4.824457317590713501e-02
-1.004276424646377563e-01
3.441959619522094727e-02
4.878874123096466064e-02
-1.832049340009689331e-01
-2.138555794954299927e-02
-4.523860290646553040e-02
1.400912366807460785e-02
-2.401483617722988129e-02
-3.752226382493972778e-02
2.728585600852966309e-01
3.964397311210632324e-02
-1.428698897361755371e-01
-1.526393461972475052e-02
8.100518584251403809e-02
2.627235651016235352e-01
1.877498477697372437e-01
3.880329662933945656e-03
-5.201441794633865356e-02
-1.016718521714210510e-02
1.042477563023567200e-01
-2.937999963760375977e-01
7.338672876358032227e-02
1.090172827243804932e-01
1.778617352247238159e-01
8.893659710884094238e-02
2.582312375307083130e-02
-1.859071552753448486e-01
-3.794224932789802551e-03
1.461905539035797119e-01
-1.031176075339317322e-01
1.126193478703498840e-01
6.620289385318756104e-02
-1.601498872041702271e-01
-5.963913351297378540e-02
-5.922013893723487854e-03
1.477904021739959717e-01
5.653554946184158325e-02
-5.447213724255561829e-02
-1.260487586259841919e-01
2.345708906650543213e-01
-1.504144817590713501e-01
-8.783467859029769897e-02
9.856290370225906372e-02
-1.735003106296062469e-02
-1.032634079456329346e-01
-2.065170109272003174e-01
9.853035211563110352e-02
2.888531982898712158e-01
1.627087742090225220e-01
-1.936263144016265869e-01
-2.427509427070617676e-02
-1.012548506259918213e-01
-9.717907756567001343e-02
9.433558210730552673e-03
2.186045609414577484e-02
-5.200938135385513306e-02
-1.198103204369544983e-01
-7.385161519050598145e-02
-4.575525224208831787e-02
2.411465942859649658e-01
-2.012297511100769043e-02
-1.343346433714032173e-03
2.692948281764984131e-01
5.883115530014038086e-02
-5.831886082887649536e-02
2.896406687796115875e-02
4.515650868415832520e-02
-1.267831027507781982e-01
-4.288287088274955750e-02
-8.628274500370025635e-02
-2.635977417230606079e-02
1.123504415154457092e-01
-1.676845103502273560e-01
-8.674897253513336182e-05
1.047984510660171509e-01
-2.549819350242614746e-01
2.444039136171340942e-01
-4.279816523194313049e-02
-4.583710432052612305e-02
6.436778604984283447e-02
-7.464127242565155029e-02
2.240352332592010498e-02
7.244003564119338989e-02
2.487123459577560425e-01
-2.196346074342727661e-01
2.119624018669128418e-01
1.566316783428192139e-01
1.401937194168567657e-02
1.346081495285034180e-01
8.844456076622009277e-02
7.138217985630035400e-02
4.817979037761688232e-02
1.837109029293060303e-02
-2.152907848358154297e-01
-2.392927557229995728e-01
5.833713710308074951e-02
-5.730743706226348877e-02
-2.805361524224281311e-02
1.113655865192413330e-01
