1.684186398051679134e-03
1.104520633816719055e-01
3.415427729487419128e-02
-6.243514828383922577e-03
-6.406667083501815796e-02
-1.637264341115951538e-02
4.894583672285079956e-02
-7.755221426486968994e-02
1.748071424663066864e-02
-1.018063426017761230e-01
2.047710716724395752e-01
-6.274084746837615967e-02
-2.505978047847747803e-01
-6.056186556816101074e-02
6.763459742069244385e-02
7.953678071498870850e-02
-1.282225847244262695e-01
-2.085351347923278809e-01
-1.668501198291778564e-01
-9.529086202383041382e-02
1.195440664887428284e-01
-1.565107703208923340e-02
2.379471901804208755e-03
3.003317862749099731e-02
-2.478726506233215332e-01
-2.757177352905273438e-01
-3.339694440364837646e-02
-1.357475966215133667e-01
1.383177936077117920e-01
-1.493982076644897461e-01
1.566316187381744385e-02
-8.655661717057228088e-03
-1.426437944173812866e-01
-3.956536203622817993e-02
-3.586816601455211639e-03
4.063068330287933350e-02
-2.966820448637008667e-02
-5.325688421726226807e-02
2.192983329296112061e-01
9.029714763164520264e-02
-2.525879740715026855e-01
9.547744691371917725e-02
-5.091022327542304993e-02
3.373604416847229004e-01
2.461252212524414062e-01
1.745781861245632172e-02
7.039387524127960205e-02
-9.283539652824401855e-02
1.612290740013122559e-02
-2.371591180562973022e-01
6.134895980358123779e-02
1.749887019395828247e-01
1.274737566709518433e-01
8.736132085323333740e-02
8.472236990928649902e-02
-1.130882650613784790e-01
1.784403994679450989e-02
4.945394769310951233e-02
-2.558592557907104492e-01
5.447672680020332336e-02
5.948302149772644043e-02
-3.495363891124725342e-02
3.994645923376083374e-02
-9.273418784141540527e-02
1.178100630640983582e-01
-7.640671916306018829e-03
-9.502324461936950684e-02
-1.009472534060478210e-01
1.588599532842636108e-01
-2.343146502971649170e-01
-1.350107640027999878e-01
7.677493244409561157e-02
-1.016531586647033691e-01
-1.255337446928024292e-01
-3.226914107799530029e-01
-6.874842569231987000e-03
3.637459874153137207e-01
1.980091482400894165e-01
-2.250455021858215332e-01
1.795731484889984131e-02
-5.218361690640449524e-02
-2.975589223206043243e-02
1.112479045987129211e-01
1.068899706006050110e-01
-3.297718986868858337e-02
8.209608495235443115e-04
-3.491067513823509216e-02
6.836589425802230835e-02
1.238074600696563721e-01
-6.249602138996124268e-02
-5.864271521568298340e-02
1.799785047769546509e-01
1.821962371468544006e-02
-5.881744623184204102e-02
9.452976286411285400e-02
6.520655751228332520e-02
-1.550760567188262939e-01
1.591956242918968201e-03
-6.922703236341476440e-02
-5.927782505750656128e-02
2.542381174862384796e-03
-1.031760722398757935e-01
4.271720722317695618e-02
1.465000063180923462e-01
-1.719519048929214478e-01
2.118677049875259399e-01
-5.448629334568977356e-02
-5.263342335820198059e-02
-2.322630584239959717e-02
4.594327881932258606e-02
-6.181367859244346619e-02
-4.562984406948089600e-02
1.491605341434478760e-01
-2.737012207508087158e-01
1.199573948979377747e-01
3.366088569164276123e-01
-4.617781564593315125e-02
1.882005482912063599e-02
7.748363912105560303e-02
2.712410874664783478e-02
-2.064660564064979553e-02
5.238306894898414612e-02
-2.342035174369812012e-01
-7.821047306060791016e-02
-1.712338812649250031e-02
-2.453370019793510437e-02
2.207983657717704773e-02
2.443493343889713287e-03
