-8.595748245716094971e-02
1.495717614889144897e-01
1.641165614128112793e-01
-3.038781695067882538e-02
-1.298785805702209473e-01
-3.818213939666748047e-02
1.194146927446126938e-02
-1.098670661449432373e-01
1.944326013326644897e-01
-8.153702318668365479e-02
1.867819875478744507e-01
-3.786524385213851929e-02
-2.540802359580993652e-01
2.444593235850334167e-02
3.911511600017547607e-02
1.202592104673385620e-01
-2.175183147192001343e-01
-8.941350132226943970e-02
-8.953599631786346436e-02
-1.685600541532039642e-02
3.483517467975616455e-02
9.997764602303504944e-03
1.310251653194427490e-01
5.455539003014564514e-02
-1.968594193458557129e-01
-3.158562779426574707e-01
-2.841324731707572937e-02
-2.327358350157737732e-02
1.017450392246246338e-01
-1.296160221099853516e-01
7.314824499189853668e-03
3.813677281141281128e-02
-1.833412796258926392e-01
-5.676266551017761230e-02
4.929605126380920410e-02
8.529235422611236572e-02
-1.056236103177070618e-01
-1.089516133069992065e-01
2.349872440099716187e-01
-3.476286306977272034e-02
-2.306016236543655396e-01
-9.718415886163711548e-02
5.082330107688903809e-02
2.372907847166061401e-01
2.844292819499969482e-01
6.372641772031784058e-02
-2.590699121356010437e-03
-1.305296719074249268e-01
1.304739117622375488e-01
-3.399534523487091064e-01
5.991391837596893311e-02
1.683402657508850098e-01
-4.789464175701141357e-02
1.099578812718391418e-01
7.162968069314956665e-02
-1.709992140531539917e-01
8.764800615608692169e-03
1.135741397738456726e-01
-2.098581939935684204e-01
5.639490485191345215e-02
1.303698271512985229e-01
-1.256785839796066284e-01
3.071813844144344330e-02
-4.711486771702766418e-02
2.254453897476196289e-01
6.659299880266189575e-02
-1.252383142709732056e-01
-1.753701120615005493e-01
1.758951544761657715e-01
-1.943218559026718140e-01
-5.800157040357589722e-02
9.902665019035339355e-02
-5.806279182434082031e-02
-1.655092537403106689e-01
-2.704776823520660400e-01
-5.712138488888740540e-02
3.642848730087280273e-01
1.431961059570312500e-01
-1.585433334112167358e-01
-1.968794874846935272e-02
-1.836669147014617920e-01
-3.192441910505294800e-02
3.505941852927207947e-02
1.030846014618873596e-01
4.586879163980484009e-02
-9.676365554332733154e-02
-9.806290268898010254e-02
-3.804443776607513428e-02
2.313834428787231445e-01
-8.989751338958740234e-02
-2.076596580445766449e-02
2.584534585475921631e-01
5.984132364392280579e-02
-7.773596048355102539e-02
2.223914675414562225e-02
5.072331428527832031e-02
-2.211908698081970215e-01
4.463817179203033447e-02
-2.075009644031524658e-01
-6.741570681333541870e-02
-3.055882453918457031e-02
-3.613200411200523376e-02
3.052368201315402985e-02
1.471578776836395264e-01
-2.249248772859573364e-01
2.451190203428268433e-01
2.444743551313877106e-02
-5.470938980579376221e-02
6.016111373901367188e-02
-4.906405881047248840e-02
-1.691146939992904663e-01
-1.145171225070953369e-01
1.618263125419616699e-01
-3.380276262760162354e-01
2.497781515121459961e-01
2.055010050535202026e-01
6.767906248569488525e-02
1.634583622217178345e-01
3.422670438885688782e-02
1.440642029047012329e-01
6.947223097085952759e-02
5.873540043830871582e-02
-3.379292786121368408e-02
-8.595786243677139282e-02
-1.068573445081710815e-02
-2.493295818567276001e-02
6.366316229104995728e-04
3.298451006412506104e-02
