-1.474458537995815277e-02
8.124254643917083740e-02
1.626642048358917236e-01
-8.853649348020553589e-02
-1.643857508897781372e-01
-1.331721525639295578e-02
-8.386863023042678833e-02
-1.488715261220932007e-01
1.092969626188278198e-01
-3.315252810716629028e-02
1.816689223051071167e-01
-9.644889086484909058e-02
-1.745735555887222290e-01
-4.899507388472557068e-02
2.570246346294879913e-03
1.381417214870452881e-01
-8.880170434713363647e-02
-2.061814069747924805e-01
-7.047882676124572754e-02
-6.987112760543823242e-02
-2.525336667895317078e-02
-3.397732228040695190e-02
-5.311515927314758301e-02
6.839402765035629272e-02
-2.420778423547744751e-01
-3.381939530372619629e-01
-9.077043831348419189e-02
-3.549374267458915710e-02
-1.063030213117599487e-01
-5.900092795491218567e-02
3.524100780487060547e-02
1.642712056636810303e-01
-1.715185195207595825e-01
-1.657189987599849701e-02
4.058736562728881836e-02
1.402407139539718628e-01
3.359454218298196793e-03
-1.861028671264648438e-01
1.049662381410598755e-01
-2.746721729636192322e-04
-2.478809505701065063e-01
5.002254992723464966e-02
1.479408740997314453e-01
2.911172211170196533e-01
2.684451341629028320e-01
-4.912454634904861450e-02
8.158649504184722900e-02
-1.717435196042060852e-02
1.413403898477554321e-01
-3.151005506515502930e-01
6.056112796068191528e-02
1.758857220411300659e-01
3.063119389116764069e-02
5.231449007987976074e-02
8.110987395048141479e-02
-1.281105577945709229e-01
3.094176389276981354e-02
1.495267450809478760e-01
-2.206152230501174927e-01
3.300640732049942017e-02
9.574238955974578857e-02
-1.077077388763427734e-01
-3.306584805250167847e-02
-1.609509289264678955e-01
2.090940624475479126e-01
1.916386634111404419e-01
-1.337509304285049438e-01
-1.539066582918167114e-01
1.902472525835037231e-01
-1.396334916353225708e-01
-9.993553161621093750e-02
2.623890526592731476e-02
-1.928047388792037964e-01
-1.786968857049942017e-01
-3.645084202289581299e-01
7.337045669555664062e-02
4.103385210037231445e-01
1.916553080081939697e-01
-2.661468386650085449e-01
2.227322384715080261e-02
-1.074765473604202271e-01
4.593384265899658203e-02
-2.268048189580440521e-02
1.360230147838592529e-01
1.001048684120178223e-01
-4.830389469861984253e-02
-1.354386210441589355e-01
3.136419691145420074e-03
2.795279026031494141e-01
-2.481067739427089691e-02
2.354636974632740021e-02
2.804120779037475586e-01
5.183567106723785400e-02
-1.223070845007896423e-01
-2.795408666133880615e-02
8.860515803098678589e-02
-1.721734106540679932e-01
8.486744016408920288e-03
-2.003973573446273804e-01
-2.978830598294734955e-02
-3.494207561016082764e-02
4.493374750018119812e-02
-1.253125257790088654e-02
1.841498613357543945e-01
-2.456440180540084839e-01
2.362870573997497559e-01
7.679406087845563889e-03
-5.293465405702590942e-02
-4.447320103645324707e-02
-9.104494005441665649e-02
1.395429484546184540e-02
-4.326582700014114380e-02
1.629239916801452637e-01
-2.660923600196838379e-01
4.288263991475105286e-02
1.439452469348907471e-01
1.271453946828842163e-01
1.539985239505767822e-01
3.377139195799827576e-02
7.265874743461608887e-02
3.436695411801338196e-02
-7.724566757678985596e-02
-1.343478411436080933e-01
-7.960260659456253052e-02
-5.023255571722984314e-02
-4.963418468832969666e-02
-7.594568282365798950e-02
1.234543398022651672e-01
