-1.235652267932891846e-01
1.294300854206085205e-01
1.074054241180419922e-01
-1.310131400823593140e-01
-1.366394013166427612e-01
5.632999911904335022e-02
-1.407749205827713013e-01
-8.862698823213577271e-02
1.612740308046340942e-01
-2.006849050521850586e-01
1.979181766510009766e-01
-2.992402948439121246e-02
-3.278052806854248047e-01
-8.229416795074939728e-03
-1.959837973117828369e-02
2.550783753395080566e-01
-1.479352265596389771e-01
-1.972100287675857544e-01
-7.233770191669464111e-02
-7.807452976703643799e-02
4.576103016734123230e-02
5.214546248316764832e-02
-6.383579969406127930e-02
8.844201266765594482e-02
-1.495396792888641357e-01
-3.237049877643585205e-01
1.069185882806777954e-02
-2.024502679705619812e-02
-2.264004051685333252e-01
-1.804191172122955322e-01
1.132358796894550323e-02
7.490655034780502319e-02
-1.826394498348236084e-01
6.624952703714370728e-02
-2.819077670574188232e-02
1.789188683032989502e-01
-8.038293570280075073e-03
-1.142669245600700378e-01
1.191016882658004761e-01
4.248394444584846497e-02
-2.518102824687957764e-01
-4.779198020696640015e-02
6.577100604772567749e-02
2.617247998714447021e-01
2.667704224586486816e-01
-5.357531830668449402e-02
-7.010219618678092957e-03
-3.665443137288093567e-02
1.256628185510635376e-01
-3.421451747417449951e-01
5.597875267267227173e-02
1.117881014943122864e-01
5.490959808230400085e-02
8.665383607149124146e-02
4.596792161464691162e-02
-2.827282845973968506e-01
-1.728853210806846619e-03
6.064219027757644653e-02
-1.379698663949966431e-01
-5.684645846486091614e-02
5.515362322330474854e-02
-1.547089517116546631e-01
5.919048562645912170e-04
-8.520267903804779053e-02
2.913372218608856201e-01
1.418489366769790649e-01
-1.478253602981567383e-01
-1.435542404651641846e-01
1.738694906234741211e-01
-1.153543144464492798e-01
-5.984479933977127075e-02
2.954623103141784668e-02
-1.542455852031707764e-01
-2.010261416435241699e-01
-2.798142433166503906e-01
4.637642949819564819e-02
3.126803040504455566e-01
1.499988585710525513e-01
-2.452664822340011597e-01
4.670064151287078857e-02
-7.324952632188796997e-02
7.702923845499753952e-03
-1.757519133388996124e-02
1.431505233049392700e-01
8.815935254096984863e-02
5.994893983006477356e-02
-7.947681099176406860e-02
4.908157140016555786e-02
2.348421216011047363e-01
-3.150648251175880432e-02
-1.844690367579460144e-02
3.238525092601776123e-01
1.042289659380912781e-02
-7.470967620611190796e-02
8.536846935749053955e-02
3.347262740135192871e-02
-8.320510387420654297e-02
6.671664305031299591e-03
-1.720364242792129517e-01
-2.055344730615615845e-02
-7.276354730129241943e-02
-9.576512873172760010e-02
-2.993322350084781647e-02
7.346823811531066895e-02
-2.086131870746612549e-01
2.061362564563751221e-01
-1.343300100415945053e-02
1.649092510342597961e-02
-8.603774011135101318e-02
-6.116835866123437881e-03
-1.195693314075469971e-01
-4.751635715365409851e-02
2.002227455377578735e-01
-2.644427418708801270e-01
1.430753767490386963e-01
1.548929214477539062e-01
9.478264302015304565e-02
2.342768609523773193e-01
8.494429290294647217e-02
1.602783054113388062e-01
2.754415571689605713e-02
-5.649111792445182800e-02
-1.402597129344940186e-01
-4.763340577483177185e-02
4.223629087209701538e-02
1.082408428192138672e-02
6.012762337923049927e-02
1.374355852603912354e-01
