-4.375454410910606384e-02
1.551380604505538940e-01
3.625193238258361816e-02
-2.606167271733283997e-02
-4.385917261242866516e-02
4.097914323210716248e-02
-1.092074885964393616e-01
-1.086796447634696960e-01
1.766349077224731445e-01
-3.418616205453872681e-02
2.262113094329833984e-01
4.538603499531745911e-02
-1.948759257793426514e-01
-1.818488165736198425e-02
4.356157779693603516e-02
9.792581945657730103e-02
-1.775188446044921875e-01
-6.812229752540588379e-02
-9.925838559865951538e-02
-6.552015990018844604e-02
2.361071668565273285e-02
2.425864711403846741e-02
4.730600118637084961e-02
5.993077903985977173e-02
-1.892109066247940063e-01
-3.029777705669403076e-01
-1.160289496183395386e-01
-8.601886034011840820e-02
1.067765355110168457e-01
-1.645975708961486816e-01
-6.671156734228134155e-02
-7.156218588352203369e-02
-2.441859692335128784e-01
-8.228365331888198853e-02
5.143400281667709351e-02
8.229650557041168213e-02
-9.365416318178176880e-02
-1.532397270202636719e-01
2.137806713581085205e-01
8.287191390991210938e-02
-1.615347266197204590e-01
1.178363338112831116e-02
9.910885244607925415e-03
2.393936663866043091e-01
1.638629287481307983e-01
4.745092988014221191e-02
-2.552695013582706451e-02
-2.887193113565444946e-02
1.126668825745582581e-01
-1.909746527671813965e-01
1.373697221279144287e-01
1.435845643281936646e-01
9.322123229503631592e-02
1.377031505107879639e-01
7.283092290163040161e-02
-1.859151124954223633e-01
9.114531427621841431e-02
1.795013248920440674e-01
-2.000310719013214111e-01
1.857617497444152832e-02
4.000502824783325195e-02
-9.094187617301940918e-02
-3.102382645010948181e-02
6.062380596995353699e-02
1.680680215358734131e-01
1.742229610681533813e-01
-3.959552198648452759e-02
-1.792271435260772705e-01
8.113167434930801392e-02
-4.140692204236984253e-02
-4.563886299729347229e-02
1.105369254946708679e-01
-9.515533596277236938e-02
-1.869739145040512085e-01
-2.516850233078002930e-01
4.471778124570846558e-02
3.982489705085754395e-01
1.330077052116394043e-01
-2.360536456108093262e-01
-8.824623189866542816e-03
-8.403636515140533447e-02
-3.255634009838104248e-02
1.542419195175170898e-01
1.981819979846477509e-03
-4.616776853799819946e-02
-3.319256380200386047e-02
-7.884081453084945679e-02
5.742616206407546997e-02
2.012283504009246826e-01
2.615044265985488892e-02
-8.821050822734832764e-02
1.953328549861907959e-01
-2.167276293039321899e-02
1.377217750996351242e-02
5.847133696079254150e-02
5.591438710689544678e-02
-9.753523021936416626e-02
2.099802158772945404e-02
-1.038222685456275940e-01
-8.737189322710037231e-02
1.609850525856018066e-01
-7.751337252557277679e-03
-4.286380857229232788e-02
1.048136353492736816e-01
-2.864263057708740234e-01
1.547717154026031494e-01
1.217418983578681946e-01
-5.937581136822700500e-02
6.464231759309768677e-02
-2.054254338145256042e-02
-1.795613914728164673e-01
2.114219591021537781e-02
1.773662269115447998e-01
-4.015739262104034424e-01
3.191918432712554932e-01
2.090193033218383789e-01
-1.950754038989543915e-02
1.284860670566558838e-01
7.369476556777954102e-02
-9.677369147539138794e-03
3.077266365289688110e-02
-8.401459455490112305e-02
-1.672194898128509521e-01
-1.164500415325164795e-01
8.221386373043060303e-02
1.973851397633552551e-02
6.874257326126098633e-02
-1.578265614807605743e-02
