-1.042300388216972351e-01
1.928887814283370972e-01
9.955466538667678833e-02
-2.098833955824375153e-02
-1.076138317584991455e-01
4.686914756894111633e-02
-7.415969669818878174e-02
-7.269427180290222168e-02
9.446972608566284180e-02
-2.400636672973632812e-02
2.108037769794464111e-01
-1.750857383012771606e-02
-2.707511484622955322e-01
1.169864833354949951e-02
2.608455717563629150e-02
1.155613586306571960e-01
-1.072042658925056458e-01
-5.886830762028694153e-02
-2.215220481157302856e-01
-6.880977749824523926e-02
4.846568033099174500e-02
2.343589998781681061e-02
5.516463145613670349e-02
-4.676067084074020386e-02
-1.784457862377166748e-01
-2.357717901468276978e-01
-4.740520566701889038e-02
-1.455539613962173462e-01
-3.402858972549438477e-02
-1.013651937246322632e-01
5.827469006180763245e-02
-5.706163868308067322e-02
-2.246810048818588257e-01
-6.976152956485748291e-02
-5.669109895825386047e-02
-2.267322130501270294e-02
-4.095127806067466736e-02
-4.948261752724647522e-02
1.372951120138168335e-01
-3.047875687479972839e-02
-1.623417884111404419e-01
8.760877698659896851e-02
2.936925552785396576e-02
2.044615745544433594e-01
2.551023662090301514e-01
8.575877174735069275e-03
2.442510053515434265e-02
-9.139455854892730713e-02
1.172495856881141663e-01
-1.759814620018005371e-01
4.326425492763519287e-03
1.100049987435340881e-01
1.956984698772430420e-01
1.007595434784889221e-01
9.660861641168594360e-02
-7.858104258775711060e-02
7.861720770597457886e-02
2.027461081743240356e-01
-2.209433764219284058e-01
9.930948913097381592e-02
-4.131932742893695831e-03
-5.431882292032241821e-02
9.290699847042560577e-03
-4.161988571286201477e-02
1.759825348854064941e-01
9.114752709865570068e-02
-6.955218315124511719e-02
-1.266840845346450806e-01
1.627668589353561401e-01
-6.908149272203445435e-02
-9.085706621408462524e-02
7.967366278171539307e-02
-1.727282404899597168e-01
-1.858594864606857300e-01
-3.496339321136474609e-01
-1.001397147774696350e-03
3.091500103473663330e-01
3.997549787163734436e-02
-2.894915640354156494e-01
-5.256656184792518616e-02
-5.117169767618179321e-02
-5.429312214255332947e-02
-3.500783070921897888e-02
6.824220716953277588e-02
-4.590657353401184082e-02
-1.485986113548278809e-01
-3.915342688560485840e-02
2.086243778467178345e-02
2.824753820896148682e-01
-1.223473399877548218e-01
-2.399259479716420174e-03
2.400618642568588257e-01
3.672679513692855835e-02
-1.453382968902587891e-01
-2.620963007211685181e-02
5.336344242095947266e-02
-1.147825717926025391e-01
-2.704499661922454834e-02
-9.250941127538681030e-02
-2.406479977071285248e-02
-1.476292964071035385e-02
-1.454501897096633911e-01
-7.588113099336624146e-02
7.977715879678726196e-02
-2.346963435411453247e-01
1.161414235830307007e-01
9.223033674061298370e-03
-4.256009310483932495e-02
-6.241697445511817932e-02
-4.201215505599975586e-02
-5.629934743046760559e-02
-8.230831474065780640e-03
2.381130605936050415e-01
-2.015065550804138184e-01
2.670118510723114014e-01
2.496260404586791992e-01
-3.802460432052612305e-02
4.575953260064125061e-02
-1.335449051111936569e-03
7.154023647308349609e-02
-6.536422297358512878e-03
1.070038527250289917e-01
-1.387965828180313110e-01
-1.335184425115585327e-01
5.291403457522392273e-02
-3.336814790964126587e-02
-2.201611921191215515e-02
6.740954518318176270e-02
