-1.316857784986495972e-01
1.095207780599594116e-01
3.634416311979293823e-02
8.268723264336585999e-03
-7.190762460231781006e-02
-7.977864146232604980e-02
-1.890760660171508789e-02
-1.394130289554595947e-01
1.141173988580703735e-01
-4.222479090094566345e-02
2.206663787364959717e-01
-7.823261618614196777e-02
-2.739710807800292969e-01
4.760117828845977783e-02
2.500140666961669922e-02
7.499301433563232422e-02
-1.137749850749969482e-01
-1.703311204910278320e-01
-1.248172819614410400e-01
-8.419537544250488281e-02
2.942341752350330353e-02
-1.258180011063814163e-02
-1.342450454831123352e-02
1.066940948367118835e-01
-1.679987907409667969e-01
-2.345510423183441162e-01
-1.116051897406578064e-01
-6.725907325744628906e-02
1.711968518793582916e-02
-1.295997351408004761e-01
-9.157921373844146729e-02
-4.387957043945789337e-03
-1.116610839962959290e-01
-5.119690299034118652e-02
6.791523098945617676e-02
7.637132704257965088e-02
-3.369439020752906799e-02
-1.330788880586624146e-01
2.006537020206451416e-01
-6.150417402386665344e-02
-1.492140144109725952e-01
2.584705594927072525e-03
1.055941283702850342e-01
3.005009591579437256e-01
1.587643623352050781e-01
1.223358511924743652e-02
5.751369893550872803e-02
-5.621492862701416016e-02
1.044518426060676575e-01
-2.128782421350479126e-01
1.709906458854675293e-01
8.779437839984893799e-02
2.163701653480529785e-01
6.890398263931274414e-02
1.045973896980285645e-01
-2.654917836189270020e-01
-2.871655300259590149e-02
1.712157428264617920e-01
-1.385212391614913940e-01
1.580110341310501099e-01
8.947185426950454712e-02
-8.516149222850799561e-02
-3.600489720702171326e-02
-1.491512171924114227e-02
1.799141913652420044e-01
1.662482172250747681e-01
-1.260889172554016113e-01
-1.580134779214859009e-01
1.173281595110893250e-01
-1.077596992254257202e-01
-4.419589787721633911e-02
1.204373016953468323e-01
-1.040683090686798096e-01
-2.077575922012329102e-01
-1.896370351314544678e-01
4.887099191546440125e-02
4.538551568984985352e-01
6.183932349085807800e-02
-2.479846626520156860e-01
-2.018759772181510925e-02
-4.190379008650779724e-02
-5.631881207227706909e-02
4.661041870713233948e-02
4.018040001392364502e-02
-1.064966097474098206e-01
-5.102291703224182129e-02
-2.386082857847213745e-01
7.845147699117660522e-02
2.666121125221252441e-01
-1.211495324969291687e-02
-5.780969187617301941e-02
1.666337102651596069e-01
2.201180718839168549e-02
-7.290671020746231079e-02
5.512470752000808716e-02
1.458182781934738159e-01
-1.572322845458984375e-01
1.589400880038738251e-02
-7.027992606163024902e-02
-5.369479581713676453e-02
1.237029433250427246e-01
-9.705944359302520752e-02
-8.526969701051712036e-02
7.480900734663009644e-02
-1.780541688203811646e-01
1.559224277734756470e-01
2.326597645878791809e-02
-7.177266292273998260e-03
-6.017372012138366699e-02
-3.676610440015792847e-02
-8.645696938037872314e-02
2.319744601845741272e-02
1.393326371908187866e-01
-3.164754211902618408e-01
1.223070621490478516e-01
1.099684983491897583e-01
3.200967609882354736e-02
1.516876518726348877e-01
-4.478175938129425049e-02
2.819909341633319855e-02
1.005525439977645874e-01
-2.100830525159835815e-02
-1.506156176328659058e-01
-9.956342726945877075e-02
3.077753074467182159e-02
3.204865008592605591e-02
6.694043427705764771e-02
8.956107497215270996e-02
