-1.235850080847740173e-01
9.167716652154922485e-02
5.868601053953170776e-02
-1.224524602293968201e-01
-2.084929645061492920e-01
3.460528701543807983e-02
-8.514054864645004272e-02
-7.439158856868743896e-02
1.822541952133178711e-01
-6.515465676784515381e-02
1.561368256807327271e-01
-3.802768513560295105e-02
-2.657947838306427002e-01
1.537221074104309082e-01
-1.684122979640960693e-01
1.563547253608703613e-01
-1.965679526329040527e-01
-1.568588912487030029e-01
-1.047128736972808838e-01
-1.908046454191207886e-01
-5.020391196012496948e-02
3.849366307258605957e-02
9.450109302997589111e-02
1.263735890388488770e-01
-1.548427343368530273e-01
-2.795442640781402588e-01
-5.962482094764709473e-02
-8.833579719066619873e-02
4.913260042667388916e-02
-1.178066357970237732e-01
4.253210872411727905e-02
7.855320721864700317e-02
-2.062910199165344238e-01
6.423468142747879028e-02
3.524018079042434692e-02
1.329478323459625244e-01
-5.325304716825485229e-02
-1.703863292932510376e-01
1.998658180236816406e-01
2.773919142782688141e-02
-2.372598201036453247e-01
-2.282771095633506775e-02
1.262900829315185547e-01
2.928177416324615479e-01
2.634149193763732910e-01
-1.329819764941930771e-02
4.404040426015853882e-02
1.639483496546745300e-03
2.123883813619613647e-01
-3.009771108627319336e-01
1.058989688754081726e-01
1.881419420242309570e-01
1.254279166460037231e-01
1.005406081676483154e-01
-4.307094030082225800e-03
-2.129156291484832764e-01
6.422798335552215576e-02
2.282328158617019653e-01
-1.138739809393882751e-01
6.412570923566818237e-02
1.259587854146957397e-01
-1.063781827688217163e-01
5.972636118531227112e-02
1.997388154268264771e-02
2.964832782745361328e-01
1.926404535770416260e-01
-1.730938851833343506e-01
-1.662788093090057373e-01
1.679138690233230591e-01
-1.663523316383361816e-01
2.851660549640655518e-02
1.524601578712463379e-01
-1.517992019653320312e-01
-1.411948055028915405e-01
-1.373350620269775391e-01
6.531146913766860962e-02
4.674729406833648682e-01
8.571126312017440796e-02
-2.236135862767696381e-02
5.039218813180923462e-02
-1.377838551998138428e-01
2.938601747155189514e-02
-1.042930111289024353e-01
1.637378633022308350e-01
-1.420053988695144653e-01
-9.885131381452083588e-03
-1.300860643386840820e-01
2.752930298447608948e-02
2.903486192226409912e-01
-3.156837075948715210e-02
-3.414959460496902466e-02
2.914329469203948975e-01
1.059064082801342010e-02
-5.257228016853332520e-02
3.730373829603195190e-02
1.340093612670898438e-01
-2.070339024066925049e-01
-8.262099698185920715e-03
-1.767500117421150208e-02
-2.175703644752502441e-03
-5.288564413785934448e-02
-1.119937822222709656e-01
-3.382688760757446289e-02
5.508451722562313080e-03
-2.144066095352172852e-01
1.898911148309707642e-01
-9.835658967494964600e-02
4.996397346258163452e-02
-5.413468927145004272e-02
-4.505625367164611816e-02
1.321788877248764038e-02
-2.457638457417488098e-02
1.853055506944656372e-01
-3.272551298141479492e-01
1.864738315343856812e-01
1.214994341135025024e-01
7.761447131633758545e-02
2.174754440784454346e-01
7.673126459121704102e-02
1.087199226021766663e-01
8.457092195749282837e-02
-4.558789730072021484e-02
-3.245409950613975525e-02
-7.697596400976181030e-02
1.170324534177780151e-02
-9.051178395748138428e-02
1.945352181792259216e-02
8.080852776765823364e-02
