-4.598495364189147949e-02
1.472379714250564575e-01
4.109975323081016541e-02
-1.056657508015632629e-01
-8.370840549468994141e-02
8.876608312129974365e-02
-1.055081933736801147e-01
-7.418398559093475342e-02
2.087895721197128296e-01
-1.241380125284194946e-01
1.990327686071395874e-01
1.373036950826644897e-02
-2.614934742450714111e-01
1.864509424194693565e-03
-4.712828993797302246e-02
1.238169521093368530e-01
-1.244594007730484009e-01
-1.797085851430892944e-01
-5.094351619482040405e-02
-1.208341494202613831e-02
7.523156702518463135e-02
7.567232102155685425e-02
1.213538926094770432e-02
4.920713976025581360e-02
-1.956079006195068359e-01
-2.928662002086639404e-01
-6.004846841096878052e-02
-7.330835610628128052e-02
-6.957893818616867065e-02
-1.490537673234939575e-01
-6.265579164028167725e-02
1.036651954054832458e-01
-1.901204288005828857e-01
2.268850244581699371e-02
-1.222681067883968353e-02
7.418748736381530762e-02
-3.143921867012977600e-02
-1.189264953136444092e-01
1.883265823125839233e-01
1.250775754451751709e-01
-1.324779391288757324e-01
6.737165153026580811e-02
-8.729233592748641968e-02
2.847772836685180664e-01
1.484239399433135986e-01
-6.983294337987899780e-02
6.415200233459472656e-02
-8.695264160633087158e-02
1.387205272912979126e-01
-2.973636388778686523e-01
1.277678012847900391e-01
1.975256353616714478e-01
1.242582350969314575e-01
7.397501170635223389e-02
-1.423764787614345551e-02
-1.288691014051437378e-01
7.688494399189949036e-03
1.756475567817687988e-01
-2.217524051666259766e-01
1.247065588831901550e-01
1.221844404935836792e-01
-6.204600632190704346e-02
-4.508168995380401611e-02
-8.835834264755249023e-02
1.241668909788131714e-01
1.742278933525085449e-01
-1.376485675573348999e-01
-1.233927458524703979e-01
8.147513121366500854e-02
-5.415759980678558350e-02
-6.404425203800201416e-02
4.844996333122253418e-02
-1.982485502958297729e-01
-2.667961418628692627e-01
-2.172649353742599487e-01
1.446282714605331421e-01
3.309411406517028809e-01
2.165941596031188965e-01
-1.940295845270156860e-01
-3.317099437117576599e-02
-5.506651476025581360e-02
2.056587114930152893e-02
-9.290865622460842133e-03
3.852400928735733032e-02
-9.580173343420028687e-02
-2.905739098787307739e-02
-7.079859822988510132e-02
1.364671736955642700e-01
2.439165115356445312e-01
1.980972848832607269e-02
-1.027029529213905334e-01
2.908534705638885498e-01
1.609944179654121399e-02
4.037288017570972443e-03
6.003065966069698334e-03
6.298189610242843628e-02
-2.244081720709800720e-02
-3.392779827117919922e-02
-1.287616342306137085e-01
5.002764612436294556e-02
-5.238822847604751587e-02
-8.521688729524612427e-02
-8.721999824047088623e-02
1.214251965284347534e-01
-1.393566876649856567e-01
1.631974279880523682e-01
-3.890870884060859680e-02
-6.019728630781173706e-02
-6.640308350324630737e-02
-2.961043268442153931e-02
-1.637544482946395874e-01
-2.666576206684112549e-02
1.513822078704833984e-01
-2.053954601287841797e-01
1.329746842384338379e-01
1.534883826971054077e-01
1.720423549413681030e-01
1.497722268104553223e-01
8.185192942619323730e-02
5.110759660601615906e-02
4.210448637604713440e-02
-5.883243680000305176e-02
-1.585208326578140259e-01
-9.539682418107986450e-02
1.561129093170166016e-01
8.252203464508056641e-02
4.678199440240859985e-02
2.880552411079406738e-02
