-1.013074293732643127e-01
1.038722842931747437e-01
1.158834621310234070e-01
-3.382888808846473694e-02
1.631513237953186035e-02
-7.680330425500869751e-02
4.384551197290420532e-02
-5.116447061300277710e-02
1.260962337255477905e-01
5.941194668412208557e-02
2.647354602813720703e-01
-3.401526436209678650e-02
-1.944796741008758545e-01
-1.651550382375717163e-01
4.434013366699218750e-02
1.247419640421867371e-01
-1.866951286792755127e-01
-1.388890147209167480e-01
-6.124272570013999939e-02
-6.917426735162734985e-02
1.096480526030063629e-02
5.237846076488494873e-02
1.883151382207870483e-02
9.319579601287841797e-02
-1.477424055337905884e-01
-3.149365484714508057e-01
-4.490073025226593018e-02
-1.748976111412048340e-01
5.207655206322669983e-02
-4.849017411470413208e-02
-2.135519683361053467e-02
5.224886536598205566e-02
-2.296292632818222046e-01
-5.518434196710586548e-02
-2.645325846970081329e-02
6.532527506351470947e-02
1.201732903718948364e-01
-6.743730604648590088e-02
1.352230012416839600e-01
4.469808563590049744e-02
-9.374253451824188232e-02
-4.683393985033035278e-02
-2.552329935133457184e-02
2.832433879375457764e-01
1.341292262077331543e-01
1.092409365810453892e-03
5.578789114952087402e-02
5.070572346448898315e-02
5.170601978898048401e-02
-2.339004576206207275e-01
1.156475692987442017e-01
8.598937094211578369e-02
1.382267326116561890e-01
4.001180175691843033e-03
1.967784762382507324e-02
-1.561767458915710449e-01
-3.847144544124603271e-02
7.426866143941879272e-02
-2.212323099374771118e-01
5.339032039046287537e-02
6.855949014425277710e-02
-4.234052449464797974e-02
-9.446398913860321045e-02
-1.232429519295692444e-01
2.571863234043121338e-01
1.049546524882316589e-01
-1.283906549215316772e-01
-1.078780889511108398e-01
1.315558701753616333e-01
-8.127287030220031738e-02
-6.444796174764633179e-02
1.373275090008974075e-02
-1.347885578870773315e-01
-5.193014815449714661e-02
-3.594037592411041260e-01
1.415468156337738037e-01
3.176120519638061523e-01
9.204847365617752075e-02
-2.622017860412597656e-01
1.688875257968902588e-03
-1.959607005119323730e-01
8.204375207424163818e-02
-4.990461282432079315e-03
-1.777539402246475220e-02
-4.049976542592048645e-02
5.491894483566284180e-02
-1.846577227115631104e-01
3.016484901309013367e-03
1.064248159527778625e-01
1.521256286650896072e-02
-4.299334064126014709e-02
1.819733679294586182e-01
-5.675788223743438721e-02
-4.317900631576776505e-03
-1.657383516430854797e-02
-1.759462640620768070e-03
-4.600264877080917358e-02
4.577800631523132324e-03
-4.997903108596801758e-02
5.193011835217475891e-02
6.780973076820373535e-02
-1.066579017788171768e-02
-3.201580047607421875e-02
1.256875544786453247e-01
-1.900885254144668579e-01
8.020888268947601318e-02
1.518926396965980530e-02
-3.463746607303619385e-02
2.473153360188007355e-02
2.717723324894905090e-02
-1.208935081958770752e-01
-9.387601166963577271e-02
1.352131664752960205e-01
-2.617308199405670166e-01
1.564495712518692017e-01
1.441469937562942505e-01
8.619976229965686798e-03
1.339297443628311157e-01
-9.870359674096107483e-03
1.037418618798255920e-01
-7.844211161136627197e-02
-8.706166408956050873e-03
-1.618887633085250854e-01
-7.666075229644775391e-02
1.038659363985061646e-01
-3.640129044651985168e-02
1.926552504301071167e-02
8.988878130912780762e-02
