-2.082896977663040161e-01
1.100216656923294067e-01
9.216070175170898438e-02
-7.986295968294143677e-02
-1.670055836439132690e-01
-6.767825037240982056e-02
-5.406962335109710693e-02
-1.689632982015609741e-01
2.245871424674987793e-01
-4.193942993879318237e-02
1.344800442457199097e-01
-6.800114363431930542e-02
-2.525883615016937256e-01
-1.674416847527027130e-02
-3.550405055284500122e-02
1.780490428209304810e-01
-2.333177030086517334e-01
-1.874231845140457153e-01
-4.677593708038330078e-02
-2.170610241591930389e-03
1.104614809155464172e-01
2.271975763142108917e-02
6.721276789903640747e-02
1.001839712262153625e-01
-1.463963836431503296e-01
-3.925471603870391846e-01
-5.250557139515876770e-02
-5.022583156824111938e-02
7.006442174315452576e-04
-9.193585813045501709e-02
1.317596342414617538e-02
6.588231772184371948e-02
-2.197858095169067383e-01
-1.634714938700199127e-02
3.634847700595855713e-02
1.308533400297164917e-01
6.158290058374404907e-02
-1.393554210662841797e-01
2.103772163391113281e-01
-1.748479343950748444e-02
-2.536597251892089844e-01
-4.188575968146324158e-02
7.946356385946273804e-02
2.090363949537277222e-01
2.639153003692626953e-01
5.356211215257644653e-02
1.433730125427246094e-02
-1.456880271434783936e-01
1.409772336483001709e-01
-3.339364826679229736e-01
9.836125373840332031e-02
2.353202104568481445e-01
-6.784985959529876709e-02
5.725656449794769287e-02
1.029128953814506531e-01
-2.312595844268798828e-01
-3.636470064520835876e-03
8.606612682342529297e-02
-2.214349657297134399e-01
3.773542493581771851e-02
9.928603470325469971e-02
-6.652750819921493530e-02
2.391803823411464691e-02
-1.706646084785461426e-01
1.909411698579788208e-01
1.151956394314765930e-01
-9.657971560955047607e-02
-1.330805718898773193e-01
1.666669696569442749e-01
-1.836815625429153442e-01
-7.795385271310806274e-02
-1.457268930971622467e-02
-1.402143836021423340e-01
-2.318079322576522827e-01
-3.226979970932006836e-01
-4.092032089829444885e-02
3.146647214889526367e-01
2.362645417451858521e-01
-2.249617874622344971e-01
9.230452775955200195e-02
-1.196713149547576904e-01
-2.384538203477859497e-02
-7.085172459483146667e-03
1.178693994879722595e-01
7.216955721378326416e-02
3.474653139710426331e-02
-1.117322668433189392e-01
4.509836435317993164e-05
2.229132205247879028e-01
-1.497473753988742828e-02
4.946982488036155701e-02
3.742043673992156982e-01
2.192321792244911194e-02
-7.016050815582275391e-02
1.321270503103733063e-02
6.607309728860855103e-02
-1.478350907564163208e-01
-1.064513064920902252e-02
-1.844898313283920288e-01
-6.448392570018768311e-02
-1.308457925915718079e-02
7.797255180776119232e-03
3.658828511834144592e-02
1.031157299876213074e-01
-2.702757716178894043e-01
1.640094071626663208e-01
-2.456254698336124420e-02
-3.711378574371337891e-02
-1.036822497844696045e-01
-1.090080961585044861e-01
-5.898623913526535034e-02
-6.584905087947845459e-03
1.711368560791015625e-01
-2.446357458829879761e-01
2.647265195846557617e-01
1.897809207439422607e-01
6.265453249216079712e-02
2.543759942054748535e-01
6.481236778199672699e-03
1.291692703962326050e-01
3.038875386118888855e-02
-2.850084751844406128e-02
-5.008964240550994873e-02
-7.231752574443817139e-02
3.722514025866985321e-03
-1.443995162844657898e-03
2.145678922533988953e-02
1.523662060499191284e-01
