-9.077144414186477661e-02
1.592449396848678589e-01
1.243565529584884644e-01
-2.245956473052501678e-02
-1.296046823263168335e-01
4.636503010988235474e-02
-9.862065315246582031e-03
-3.892686218023300171e-02
1.779787391424179077e-01
-1.900317147374153137e-02
2.890167236328125000e-01
-5.762062035501003265e-03
-1.996586173772811890e-01
-8.659327775239944458e-02
-4.063498601317405701e-02
1.055468246340751648e-01
-1.548738181591033936e-01
-2.463751845061779022e-02
-5.177565664052963257e-02
-8.484794199466705322e-02
6.233184784650802612e-02
9.352682530879974365e-02
7.870190590620040894e-02
6.447839550673961639e-03
-1.472195684909820557e-01
-3.746519386768341064e-01
-3.776405006647109985e-02
-1.516510248184204102e-01
1.762227267026901245e-01
-1.013726368546485901e-01
-5.026054382324218750e-02
2.944686077535152435e-02
-1.364658474922180176e-01
-7.269018888473510742e-02
-1.073675323277711868e-02
-2.873573824763298035e-02
-2.161980606615543365e-02
-1.257758736610412598e-01
2.067534029483795166e-01
-1.157689094543457031e-01
-1.438058763742446899e-01
1.926548033952713013e-02
1.005247533321380615e-01
1.962041109800338745e-01
2.349203079938888550e-01
-7.042687386274337769e-02
5.711365491151809692e-02
-6.164723634719848633e-02
1.620991230010986328e-01
-2.192575931549072266e-01
1.312066316604614258e-01
1.124041303992271423e-01
7.389866560697555542e-02
9.521722048521041870e-02
1.571899056434631348e-01
-1.098036170005798340e-01
-4.859029129147529602e-02
1.383713483810424805e-01
-1.605274230241775513e-01
5.957283452153205872e-02
5.472960323095321655e-02
3.407867252826690674e-02
-5.414796620607376099e-02
-5.505612865090370178e-02
8.234041184186935425e-02
7.738221436738967896e-02
-1.089781522750854492e-01
-1.779070496559143066e-01
8.739513903856277466e-02
-1.737653315067291260e-01
-3.496380895376205444e-02
6.067787110805511475e-02
-9.812385588884353638e-02
-1.187687367200851440e-01
-2.853348255157470703e-01
1.061656624078750610e-01
3.028838634490966797e-01
1.567588150501251221e-01
-2.443508058786392212e-01
3.212979063391685486e-02
-2.037043496966362000e-02
-5.734178051352500916e-02
7.708544284105300903e-02
7.496080547571182251e-02
-2.400488220155239105e-02
-9.157263487577438354e-02
-1.057469770312309265e-01
-3.678658977150917053e-03
1.208643466234207153e-01
-4.750072956085205078e-03
-1.535182632505893707e-02
2.729944884777069092e-01
3.806545212864875793e-02
-2.935285121202468872e-02
4.893875867128372192e-02
1.871822178363800049e-01
-1.895813196897506714e-01
-8.578289300203323364e-03
-1.010980829596519470e-01
5.037665739655494690e-02
9.672825038433074951e-02
-5.667551606893539429e-02
-7.029482722282409668e-02
1.108351796865463257e-01
-1.850321292877197266e-01
2.118664979934692383e-01
-4.665175080299377441e-02
2.474572882056236267e-02
3.930477797985076904e-02
-9.499593824148178101e-02
-4.067392274737358093e-02
3.148117288947105408e-02
1.355050802230834961e-01
-2.061482071876525879e-01
1.811708062887191772e-01
6.083240732550621033e-02
-1.724715717136859894e-02
1.916700452566146851e-01
6.546954810619354248e-02
5.225775763392448425e-02
3.805095329880714417e-02
-1.644864864647388458e-02
-1.124039888381958008e-01
-1.417891532182693481e-01
1.037919521331787109e-02
-1.041240245103836060e-01
-4.023848101496696472e-02
3.256766498088836670e-02
