-8.090005069971084595e-02
2.298617362976074219e-02
9.036851674318313599e-02
-4.203156754374504089e-02
-1.092025414109230042e-01
-3.052409179508686066e-02
-4.617673903703689575e-02
-1.720857173204421997e-01
1.468509733676910400e-01
-1.263523250818252563e-01
1.921752840280532837e-01
-8.701784163713455200e-02
-2.146944403648376465e-01
-6.214806437492370605e-02
-6.121015921235084534e-02
2.050604373216629028e-01
-1.226251572370529175e-01
-1.464236974716186523e-01
-7.342074811458587646e-02
-1.548469346016645432e-02
7.886228710412979126e-02
1.707559823989868164e-02
1.333541795611381531e-02
1.127137336879968643e-03
-6.446851789951324463e-02
-3.308908045291900635e-01
-6.074448302388191223e-02
-3.303117305040359497e-02
1.400522515177726746e-02
-4.441883787512779236e-02
-5.780579894781112671e-02
1.042704433202743530e-01
-1.790209561586380005e-01
-6.475021690130233765e-02
1.710082590579986572e-02
1.223322376608848572e-01
-5.968045908957719803e-03
-1.086581498384475708e-01
1.045960858464241028e-01
-1.855911500751972198e-02
-2.179841995239257812e-01
-3.425261378288269043e-02
2.745764888823032379e-02
1.809236407279968262e-01
1.403035819530487061e-01
4.335959255695343018e-02
4.243916645646095276e-02
-1.329674124717712402e-01
1.086719185113906860e-01
-1.959446817636489868e-01
-3.681697696447372437e-02
6.063405796885490417e-02
7.037276029586791992e-02
1.105719152837991714e-02
3.880330920219421387e-02
-1.140699312090873718e-01
2.449327521026134491e-02
1.584212183952331543e-01
-1.093420237302780151e-01
2.676491625607013702e-02
9.913726896047592163e-02
-1.261411309242248535e-01
-6.706095486879348755e-02
-1.254941970109939575e-01
2.487766593694686890e-01
7.726180553436279297e-02
-8.993149548768997192e-02
-1.303036808967590332e-01
1.352270543575286865e-01
-4.460292309522628784e-02
-1.167054325342178345e-01
2.433088049292564392e-02
-1.280631124973297119e-01
-1.179647818207740784e-01
-2.699804902076721191e-01
-2.516326680779457092e-02
4.119710326194763184e-01
5.217947438359260559e-02
-1.980459690093994141e-01
2.749646827578544617e-02
-4.789180681109428406e-02
8.278862386941909790e-02
1.160538569092750549e-01
9.792689979076385498e-02
-1.258923951536417007e-02
1.664320006966590881e-02
-1.264083981513977051e-01
-3.197020292282104492e-02
2.093878686428070068e-01
-7.717252522706985474e-02
-6.995052099227905273e-03
1.721161901950836182e-01
-4.242649674415588379e-02
6.038888543844223022e-02
-2.189656533300876617e-02
6.326515693217515945e-03
-8.746829628944396973e-02
7.298313081264495850e-02
-1.157983615994453430e-01
-9.499803185462951660e-02
1.384507715702056885e-01
1.989877596497535706e-02
4.095376282930374146e-02
1.225280612707138062e-01
-1.197303161025047302e-01
8.801823854446411133e-02
-4.643228650093078613e-02
7.370533049106597900e-02
1.310887336730957031e-01
-4.312908649444580078e-02
-5.499988049268722534e-02
-4.937942326068878174e-02
1.049844846129417419e-01
-1.971713751554489136e-01
1.270825117826461792e-01
1.597594171762466431e-01
2.025195956230163574e-02
9.357722103595733643e-02
9.364256262779235840e-02
1.032627597451210022e-01
-1.182346232235431671e-02
1.607036963105201721e-02
-2.343246191740036011e-01
-4.167258366942405701e-02
1.440644264221191406e-01
-1.607092563062906265e-03
3.879264742136001587e-02
6.954573560506105423e-03
