-1.760221272706985474e-01
5.212035030126571655e-02
7.979252934455871582e-02
-8.104536682367324829e-02
-8.998358249664306641e-02
-5.272529646754264832e-02
-1.223022267222404480e-01
-8.607878535985946655e-02
2.616617679595947266e-01
-1.134603023529052734e-01
1.530447602272033691e-01
-1.264819502830505371e-01
-2.561358511447906494e-01
1.200005188584327698e-01
-9.122084081172943115e-02
1.594296544790267944e-01
-1.246508955955505371e-01
-9.096515923738479614e-02
-4.118856415152549744e-02
-5.802492797374725342e-02
7.944593578577041626e-02
-7.940411567687988281e-03
5.834073945879936218e-02
1.838985532522201538e-01
-1.160796582698822021e-01
-3.550071120262145996e-01
-9.740603715181350708e-02
-3.949107229709625244e-02
-3.902045637369155884e-02
-1.386226266622543335e-01
7.652017287909984589e-03
5.276753008365631104e-02
-2.291855663061141968e-01
-5.914108455181121826e-02
7.044747471809387207e-03
2.021668553352355957e-01
4.630230739712715149e-02
-1.509775668382644653e-01
1.094581782817840576e-01
-3.357779234647750854e-03
-2.627877593040466309e-01
-1.004214882850646973e-01
9.403072297573089600e-02
2.459228932857513428e-01
1.623806804418563843e-01
3.674247860908508301e-02
-2.835064753890037537e-02
-1.233426928520202637e-01
1.065493449568748474e-01
-2.561270892620086670e-01
4.738421738147735596e-02
1.287581026554107666e-01
4.982279613614082336e-02
5.971027538180351257e-02
1.131496056914329529e-01
-2.232705205678939819e-01
1.326830089092254639e-01
6.075036525726318359e-02
-1.367162168025970459e-01
-7.160217314958572388e-02
8.840949088335037231e-02
1.421232428401708603e-02
6.766209006309509277e-02
-7.572801411151885986e-02
2.564932405948638916e-01
1.695017367601394653e-01
-7.421162724494934082e-02
-1.157953143119812012e-01
1.623472869396209717e-01
-1.704526692628860474e-01
1.820813678205013275e-02
7.503064721822738647e-02
-1.167906299233436584e-01
-1.843434423208236694e-01
-3.005614578723907471e-01
-5.529315769672393799e-02
3.579999208450317383e-01
1.396345496177673340e-01
-1.576894670724868774e-01
1.125828549265861511e-01
-6.420768797397613525e-02
1.018317509442567825e-02
-2.168259397149085999e-02
1.738857477903366089e-01
-6.261774897575378418e-02
1.644406318664550781e-01
-5.244657397270202637e-02
4.874989390373229980e-02
1.687065213918685913e-01
1.983029395341873169e-02
3.526528179645538330e-02
2.316775768995285034e-01
1.341561693698167801e-02
-4.792637005448341370e-02
1.192465871572494507e-01
5.745211616158485413e-02
-1.841460615396499634e-01
-2.428058907389640808e-02
-1.948355287313461304e-01
-2.601067349314689636e-02
-1.224628183990716934e-02
1.376914791762828827e-02
-4.529855214059352875e-03
8.676375448703765869e-02
-3.052242994308471680e-01
1.428948342800140381e-01
-1.201139856129884720e-02
-1.115356311202049255e-01
-3.684085607528686523e-02
2.869599685072898865e-02
-4.004796221852302551e-02
-4.461425915360450745e-02
1.646633893251419067e-01
-2.806623876094818115e-01
8.457048237323760986e-02
1.358116269111633301e-01
5.314294993877410889e-02
2.088874876499176025e-01
1.201398298144340515e-02
1.545768678188323975e-01
9.742353111505508423e-03
1.969488337635993958e-02
-7.947523146867752075e-02
-1.695965975522994995e-02
-4.281398374587297440e-03
-8.755461126565933228e-02
-4.846085794270038605e-03
4.514664039015769958e-02
