-1.736300140619277954e-01
9.313000738620758057e-02
1.057123914361000061e-01
-9.588057547807693481e-02
-1.581693589687347412e-01
-8.106046169996261597e-02
-5.946392565965652466e-02
-1.112795025110244751e-01
1.653479188680648804e-01
-9.537540376186370850e-02
1.600906699895858765e-01
-2.989292517304420471e-02
-2.725753188133239746e-01
2.510988712310791016e-02
-1.495521664619445801e-01
1.782314181327819824e-01
-1.986600160598754883e-01
-1.960049420595169067e-01
2.825502306222915649e-04
2.722001820802688599e-02
9.310503304004669189e-02
-4.239185526967048645e-02
1.983976736664772034e-02
1.775090545415878296e-01
-3.905255347490310669e-02
-3.635889291763305664e-01
-1.156071946024894714e-01
-7.342142611742019653e-02
-5.339850857853889465e-02
-9.925857186317443848e-02
-3.564237803220748901e-02
6.615354120731353760e-02
-2.401850372552871704e-01
-7.969161868095397949e-02
-3.827673196792602539e-02
1.407038271427154541e-01
5.029487889260053635e-03
-1.342791914939880371e-01
1.139367744326591492e-01
2.112186327576637268e-02
-2.851293683052062988e-01
-6.969150155782699585e-02
1.467761695384979248e-01
2.817564904689788818e-01
2.282472401857376099e-01
6.992460042238235474e-02
2.671799995005130768e-02
-6.527243554592132568e-02
3.006124496459960938e-02
-2.835729420185089111e-01
4.513124376535415649e-02
1.794795691967010498e-01
1.289741098880767822e-01
5.370946228504180908e-02
-4.948219284415245056e-04
-2.095298171043395996e-01
1.278012841939926147e-01
2.318169549107551575e-02
-1.881536841392517090e-01
8.013281039893627167e-03
1.552447825670242310e-01
-9.323308616876602173e-02
4.822807013988494873e-02
-3.030204400420188904e-02
3.135312199592590332e-01
1.454948484897613525e-01
-1.349791586399078369e-01
-6.477588415145874023e-02
2.128944396972656250e-01
-2.412579655647277832e-01
-8.148822188377380371e-02
-1.938806846737861633e-02
-1.486027389764785767e-01
-1.700611263513565063e-01
-3.205315768718719482e-01
-1.636148057878017426e-02
4.331971406936645508e-01
2.154543697834014893e-01
-9.711480885744094849e-02
1.019045040011405945e-01
-1.241756826639175415e-01
2.383806183934211731e-02
-3.926733881235122681e-02
2.367893010377883911e-01
-1.016190946102142334e-01
1.224503815174102783e-01
-1.223142594099044800e-01
5.016032978892326355e-02
1.463982909917831421e-01
5.539763346314430237e-02
2.741138078272342682e-02
2.535639703273773193e-01
4.291816428303718567e-02
-2.810136601328849792e-02
1.016903296113014221e-01
7.335916161537170410e-02
-9.626767039299011230e-02
-1.551575772464275360e-02
-1.732350289821624756e-01
2.934470400214195251e-02
-8.766067028045654297e-02
-5.690529942512512207e-02
-9.437063708901405334e-03
1.340152770280838013e-01
-1.969019323587417603e-01
6.037725508213043213e-02
-4.982645437121391296e-02
-5.328345298767089844e-02
-6.649453938007354736e-02
-5.481597501784563065e-03
-5.621201172471046448e-02
-1.074789315462112427e-01
9.139290452003479004e-02
-2.026221901178359985e-01
1.097695752978324890e-01
1.965909004211425781e-01
6.988908350467681885e-02
1.535071730613708496e-01
9.687720239162445068e-02
1.501598209142684937e-01
2.160884812474250793e-02
-1.013890728354454041e-01
-1.424769163131713867e-01
-3.084604442119598389e-02
5.322983860969543457e-02
-1.146585717797279358e-01
9.648534655570983887e-02
8.129372447729110718e-02
