-2.090670913457870483e-01
1.489001959562301636e-01
3.955129534006118774e-02
-8.805499412119388580e-03
3.859004005789756775e-02
-8.067128062248229980e-02
8.665984869003295898e-02
-4.531978443264961243e-02
2.121814787387847900e-01
-2.292511984705924988e-02
3.000347912311553955e-01
3.377529326826334000e-03
-1.789118051528930664e-01
-1.338454782962799072e-01
8.096793293952941895e-02
1.488981693983078003e-01
-1.483643949031829834e-01
-1.428169310092926025e-01
-1.179269999265670776e-01
-1.423970162868499756e-01
1.061367616057395935e-02
-6.672181189060211182e-02
-3.001133352518081665e-02
8.394983410835266113e-02
-1.155864745378494263e-01
-3.249171078205108643e-01
-4.768639802932739258e-02
-1.383663117885589600e-01
6.016100943088531494e-02
-1.193419620394706726e-01
6.021529808640480042e-02
1.002910360693931580e-02
-2.130240499973297119e-01
-8.897469937801361084e-02
-8.331103622913360596e-02
8.003240078687667847e-02
3.747033700346946716e-02
-4.264749586582183838e-02
1.759173423051834106e-01
3.754969313740730286e-02
-1.083217412233352661e-01
-7.127040624618530273e-02
-6.415460258722305298e-02
3.601089417934417725e-01
1.637256443500518799e-01
-4.212316498160362244e-02
1.971483603119850159e-02
2.743380516767501831e-02
8.138974756002426147e-02
-2.570541799068450928e-01
1.703346334397792816e-02
1.030303537845611572e-01
1.542540788650512695e-01
7.774323970079421997e-02
2.562203444540500641e-03
-5.437484383583068848e-02
-2.270556986331939697e-03
3.619258105754852295e-02
-2.437210828065872192e-01
2.016593888401985168e-02
7.016079127788543701e-02
-7.307618111371994019e-02
-1.273910105228424072e-01
-1.055365800857543945e-01
3.042544424533843994e-01
1.631628870964050293e-01
-1.517251133918762207e-01
-6.137453019618988037e-02
1.474861949682235718e-01
-8.508932590484619141e-02
-3.013229742646217346e-02
1.564416661858558655e-02
-1.209953352808952332e-01
-1.657110154628753662e-01
-3.139342963695526123e-01
1.813713908195495605e-01
3.116662502288818359e-01
1.308747380971908569e-01
-2.025548815727233887e-01
-1.394280977547168732e-02
-1.997250914573669434e-01
6.143907085061073303e-02
-1.284966059029102325e-02
1.344959344714879990e-02
-8.803109079599380493e-02
6.529238820075988770e-02
-9.838982671499252319e-02
6.526960432529449463e-02
1.308527439832687378e-01
1.122133247554302216e-02
-7.730553299188613892e-02
1.997433155775070190e-01
-5.288266763091087341e-02
-1.007448695600032806e-02
-1.144901849329471588e-02
5.046032741665840149e-02
-3.298426792025566101e-02
-2.956731058657169342e-02
-9.267517179250717163e-02
-1.516082324087619781e-02
1.419193893671035767e-01
-5.774087458848953247e-02
2.917419746518135071e-02
6.704485416412353516e-02
-1.856518089771270752e-01
1.463050395250320435e-01
3.106319531798362732e-02
4.271277785301208496e-02
3.744212165474891663e-02
6.039860472083091736e-02
-1.237803623080253601e-01
-7.759323716163635254e-02
1.489554941654205322e-01
-2.046628296375274658e-01
2.223274856805801392e-01
1.915592104196548462e-01
-2.047579362988471985e-02
1.147926300764083862e-01
4.028318077325820923e-02
7.219170778989791870e-02
-7.197733223438262939e-02
-1.192390546202659607e-02
-9.339441359043121338e-02
-3.031019121408462524e-02
6.631602346897125244e-02
2.878884412348270416e-02
3.684191778302192688e-02
3.932009264826774597e-02
