-2.529891021549701691e-02
3.843203932046890259e-02
9.532869607210159302e-02
-4.810576140880584717e-02
-1.650754064321517944e-01
-5.807218607515096664e-03
6.873869895935058594e-02
-7.670159637928009033e-02
9.990174323320388794e-02
1.460673101246356964e-02
2.215788662433624268e-01
-5.638165026903152466e-02
-2.459682524204254150e-01
-6.455126404762268066e-02
-1.589758507907390594e-02
5.277308821678161621e-02
-4.526024311780929565e-02
-1.536462008953094482e-01
-2.956543862819671631e-02
-4.169152304530143738e-02
8.296954631805419922e-02
-2.283217757940292358e-02
-8.887744508683681488e-03
9.732560813426971436e-02
-9.094078838825225830e-02
-2.773412168025970459e-01
-6.187562644481658936e-02
-1.083278656005859375e-01
8.729248307645320892e-03
-1.340504884719848633e-01
1.200092677026987076e-02
1.279497593641281128e-01
-1.598747074604034424e-01
-9.607642143964767456e-02
2.776689082384109497e-02
8.585439622402191162e-02
-5.611587315797805786e-02
-1.301158368587493896e-01
1.571215689182281494e-01
-3.297400474548339844e-02
-1.109229475259780884e-01
3.761139139533042908e-02
-6.080614402890205383e-03
3.036762177944183350e-01
6.998176127672195435e-02
2.175104618072509766e-02
4.655417054891586304e-02
-7.769399881362915039e-02
1.321425139904022217e-01
-2.714174091815948486e-01
1.657918840646743774e-02
1.735315769910812378e-01
9.965834021568298340e-02
2.777828462421894073e-02
5.481743067502975464e-02
-1.423366963863372803e-01
1.581129133701324463e-01
8.025158196687698364e-02
-2.321150451898574829e-01
7.032106071710586548e-02
5.926980450749397278e-02
-1.316613107919692993e-01
-2.048233151435852051e-02
-1.350706517696380615e-01
2.147285789251327515e-01
3.790197893977165222e-02
-8.741293102502822876e-02
-4.502477869391441345e-02
5.405635014176368713e-02
-3.322278708219528198e-02
-8.503190428018569946e-02
6.728105992078781128e-02
-1.828469038009643555e-01
-1.421193182468414307e-01
-2.202121615409851074e-01
9.823945164680480957e-02
4.908036291599273682e-01
1.200680136680603027e-01
-2.471420019865036011e-01
4.322665557265281677e-02
-1.386562883853912354e-01
9.307815134525299072e-02
7.030666619539260864e-02
1.689108321443200111e-03
-6.997154653072357178e-02
-6.068229302763938904e-02
-2.106701880693435669e-01
5.175151675939559937e-02
1.376927793025970459e-01
-8.108080178499221802e-02
-2.842318080365657806e-02
1.257225573062896729e-01
2.976976707577705383e-02
3.554370254278182983e-02
5.823426321148872375e-02
4.334430769085884094e-02
-1.031296402215957642e-01
6.205279007554054260e-02
-9.695937484502792358e-02
2.294513955712318420e-02
8.812108635902404785e-02
-1.102920323610305786e-01
-1.657685823738574982e-02
6.263723969459533691e-02
-2.393032908439636230e-01
1.409922242164611816e-01
1.163508929312229156e-02
-6.666529923677444458e-02
-8.496814407408237457e-04
-1.125941053032875061e-01
-1.072783991694450378e-01
5.843241885304450989e-02
1.211105138063430786e-01
-3.430991768836975098e-01
2.124304175376892090e-01
1.512311697006225586e-01
4.063400253653526306e-02
1.591261029243469238e-01
1.480427384376525879e-02
3.322195261716842651e-02
-7.092379778623580933e-02
-8.192736655473709106e-02
-1.226989403367042542e-01
-1.008118763566017151e-01
1.307553052902221680e-01
2.280951663851737976e-02
1.578777655959129333e-02
-1.454619318246841431e-02
