-2.038906961679458618e-01
7.594645023345947266e-02
1.248435527086257935e-01
-4.147233441472053528e-02
-1.251028478145599365e-01
-1.695157960057258606e-02
-6.928863376379013062e-02
-3.648362681269645691e-02
6.406457722187042236e-02
-3.986453637480735779e-02
2.013867795467376709e-01
1.753151416778564453e-02
-2.238583266735076904e-01
-4.805053398013114929e-02
-5.977752804756164551e-02
1.036747545003890991e-01
-5.386987328529357910e-02
-5.679826065897941589e-02
-1.996449381113052368e-01
-1.477609127759933472e-01
-5.399439111351966858e-02
5.510313436388969421e-02
-2.321268990635871887e-02
-3.260508552193641663e-02
-1.604346036911010742e-01
-2.518664598464965820e-01
-1.268191188573837280e-01
-9.260462224483489990e-02
1.092644780874252319e-02
-8.036217838525772095e-02
3.523753583431243896e-02
3.136441111564636230e-02
-1.335508823394775391e-01
-6.648519635200500488e-02
2.056688442826271057e-02
1.349461637437343597e-02
-9.487182646989822388e-02
-4.463702440261840820e-02
2.414509654045104980e-01
-3.759891167283058167e-02
-1.663152277469635010e-01
3.775525838136672974e-02
1.568214297294616699e-01
3.114220499992370605e-01
2.882720232009887695e-01
-4.364957660436630249e-02
1.453100889921188354e-02
-5.818756669759750366e-02
1.960449218750000000e-01
-1.968454420566558838e-01
1.077363193035125732e-01
1.733313202857971191e-01
2.147265076637268066e-01
1.305136084556579590e-01
1.501449495553970337e-01
-9.178757667541503906e-02
5.626034736633300781e-02
1.776140928268432617e-01
-1.641194373369216919e-01
2.885827422142028809e-02
1.892926916480064392e-02
-9.219005703926086426e-02
-9.214848279953002930e-02
-6.990329176187515259e-02
1.110200211405754089e-01
1.210389509797096252e-01
-1.117543578147888184e-01
-2.010129094123840332e-01
1.971217840909957886e-01
-1.489869356155395508e-01
5.764460656791925430e-03
1.352798491716384888e-01
-1.457421779632568359e-01
-1.313250362873077393e-01
-3.085047602653503418e-01
5.952043458819389343e-02
3.392192125320434570e-01
1.235824450850486755e-01
-2.016833573579788208e-01
1.818867027759552002e-02
-7.204547524452209473e-02
-1.204691380262374878e-01
-2.631153725087642670e-02
5.506306514143943787e-02
-1.254259049892425537e-01
-9.566389024257659912e-02
-1.533992495387792587e-02
3.412611410021781921e-02
2.015750855207443237e-01
-1.660059019923210144e-02
1.389635074883699417e-02
1.691004931926727295e-01
1.062938123941421509e-01
-1.120662912726402283e-01
4.659026861190795898e-02
7.532508671283721924e-02
-1.708042919635772705e-01
-8.040077984333038330e-02
-9.078027307987213135e-02
-3.824392333626747131e-04
5.068905651569366455e-02
-1.547260433435440063e-01
1.037311647087335587e-02
5.827447026968002319e-02
-2.116073518991470337e-01
2.807647287845611572e-01
2.962100319564342499e-02
2.526365593075752258e-02
-4.971654713153839111e-02
-9.354319423437118530e-02
-3.686805441975593567e-02
6.633333116769790649e-02
2.153242230415344238e-01
-1.936566382646560669e-01
1.900410205125808716e-01
7.224953174591064453e-02
-2.751853317022323608e-02
1.139239966869354248e-01
1.025692671537399292e-01
6.922168284654617310e-02
-7.051102817058563232e-02
1.662893593311309814e-02
-1.003523245453834534e-01
-1.090747863054275513e-01
1.300282962620258331e-02
-8.907834440469741821e-02
6.802940368652343750e-02
6.790696084499359131e-02
