-1.557528674602508545e-01
1.791584193706512451e-01
5.668497458100318909e-02
-5.504776164889335632e-02
-1.644249409437179565e-01
9.323119372129440308e-02
-2.964839152991771698e-02
-6.538261473178863525e-02
1.057539880275726318e-01
-3.587655723094940186e-02
2.452876269817352295e-01
-4.414146021008491516e-02
-2.984918057918548584e-01
1.896404847502708435e-02
-6.645503640174865723e-02
9.087451547384262085e-02
-1.718924790620803833e-01
-2.765617705881595612e-02
-1.715237200260162354e-01
-1.626025587320327759e-01
-7.154497504234313965e-02
1.104086562991142273e-01
5.108370911329984665e-03
5.656273290514945984e-02
-1.210530251264572144e-01
-2.604752779006958008e-01
-2.295141667127609253e-02
-1.391621232032775879e-01
1.169252842664718628e-01
-1.659063249826431274e-01
-2.456966601312160492e-02
9.628360159695148468e-03
-1.153363734483718872e-01
-3.187444061040878296e-02
4.354041069746017456e-03
-5.681704729795455933e-03
-6.988520920276641846e-02
-1.468136012554168701e-01
2.162842303514480591e-01
-9.506652504205703735e-02
-7.078784704208374023e-02
4.814614355564117432e-02
1.018745973706245422e-01
2.706983089447021484e-01
1.334416121244430542e-01
-4.902847111225128174e-03
4.013457149267196655e-02
-1.183911338448524475e-01
2.069368809461593628e-01
-2.025922685861587524e-01
1.199750304222106934e-01
1.251596808433532715e-01
1.566597074270248413e-01
5.472716689109802246e-02
7.496795058250427246e-02
-2.209827005863189697e-01
-4.739119857549667358e-02
1.991696953773498535e-01
-1.618850976228713989e-01
8.959811925888061523e-02
8.630273491144180298e-02
7.920220494270324707e-03
-7.603476196527481079e-02
-1.572683900594711304e-01
1.915019154548645020e-01
1.780753284692764282e-01
-1.200468242168426514e-01
-1.971274763345718384e-01
1.462987959384918213e-01
-1.619475036859512329e-01
-4.196787998080253601e-02
9.935455024242401123e-02
-9.717317670583724976e-02
-1.206217557191848755e-01
-2.184373587369918823e-01
1.053274124860763550e-01
3.511086106300354004e-01
1.993407160043716431e-01
-1.495396643877029419e-01
-4.095465317368507385e-02
-7.937905937433242798e-02
-3.965347632765769958e-02
-1.222388236783444881e-03
5.055419355630874634e-02
-2.061773687601089478e-01
-1.159109920263290405e-01
-2.862656489014625549e-02
2.454971522092819214e-02
2.046033740043640137e-01
4.311853647232055664e-02
-6.242971867322921753e-02
1.805844902992248535e-01
9.449516236782073975e-02
-6.351047009229660034e-02
1.656982116401195526e-02
-2.804974466562271118e-02
-1.862281560897827148e-01
-6.409159302711486816e-02
-4.860704392194747925e-02
4.994080960750579834e-02
-1.493027061223983765e-02
-1.449357420206069946e-01
-3.391405567526817322e-03
1.080096587538719177e-01
-1.854616403579711914e-01
2.109006196260452271e-01
-2.742688171565532684e-02
-9.146815165877342224e-03
2.921573817729949951e-02
8.107775822281837463e-03
-7.133240252733230591e-02
2.745271101593971252e-02
2.298642098903656006e-01
-2.914353311061859131e-01
1.822151988744735718e-01
6.614224612712860107e-02
1.119938120245933533e-01
1.776786148548126221e-01
8.359606564044952393e-02
1.256109476089477539e-01
2.977268770337104797e-03
6.914658844470977783e-02
-1.521910130977630615e-01
-1.262260824441909790e-01
1.215086132287979126e-01
-1.209176555275917053e-01
7.492381334304809570e-02
4.668392986059188843e-02
