-1.392736881971359253e-01
1.014566943049430847e-01
-1.932077482342720032e-02
-5.513821914792060852e-02
-1.193914264440536499e-01
-6.183255836367607117e-02
2.893853932619094849e-02
-6.621482223272323608e-02
9.932830929756164551e-02
-3.174152225255966187e-02
1.881632208824157715e-01
-9.834873490035533905e-03
-2.358302772045135498e-01
-5.159256607294082642e-02
2.944636531174182892e-02
1.410195231437683105e-01
-2.005119621753692627e-01
-1.526067554950714111e-01
-1.925389766693115234e-01
-1.158127188682556152e-01
-9.729225188493728638e-03
4.703781381249427795e-02
7.275561243295669556e-02
4.712476581335067749e-02
-1.564153134822845459e-01
-3.449720442295074463e-01
-8.554617315530776978e-02
-3.921342641115188599e-02
6.711262464523315430e-02
-1.068978831171989441e-01
8.775078505277633667e-02
4.473753273487091064e-02
-2.436557412147521973e-01
-8.089916408061981201e-02
4.022169485688209534e-02
1.422008872032165527e-02
-7.696612179279327393e-02
-5.836031958460807800e-02
2.340386211872100830e-01
5.250081419944763184e-02
-1.823734343051910400e-01
3.531535714864730835e-02
1.093886420130729675e-01
3.699338734149932861e-01
2.219240069389343262e-01
8.875712752342224121e-02
-8.965622633695602417e-03
-6.847298890352249146e-02
1.272910684347152710e-01
-2.803135216236114502e-01
1.054555326700210571e-01
1.743047535419464111e-01
7.167650759220123291e-02
7.178893685340881348e-02
6.870424002408981323e-02
-9.631684422492980957e-02
8.236582577228546143e-02
1.553737074136734009e-01
-2.631263434886932373e-01
3.578974306583404541e-02
9.998551011085510254e-02
-7.045079767704010010e-02
1.625461503863334656e-02
-8.019606769084930420e-02
2.381097674369812012e-01
9.546589851379394531e-02
-1.377334296703338623e-01
-9.102099388837814331e-02
1.025212034583091736e-01
-1.461809575557708740e-01
-6.452962756156921387e-02
-1.074666809290647507e-02
-1.015761867165565491e-01
-1.515267491340637207e-01
-4.231153428554534912e-01
5.660454183816909790e-02
3.728105425834655762e-01
1.198647245764732361e-01
-1.251514106988906860e-01
2.985540777444839478e-03
-4.839791357517242432e-02
-1.647428050637245178e-02
5.214583128690719604e-02
7.136628031730651855e-02
-1.937700808048248291e-01
-1.091722473502159119e-01
-1.079600229859352112e-01
6.859484314918518066e-02
1.812386065721511841e-01
1.717567257583141327e-02
-8.228745311498641968e-02
1.861445605754852295e-01
3.046141564846038818e-02
-6.891018152236938477e-02
5.207127705216407776e-02
1.301751881837844849e-01
-2.175620496273040771e-01
-4.782687500119209290e-02
-1.272653043270111084e-01
3.138229995965957642e-02
1.540729217231273651e-02
-9.078783541917800903e-02
6.833154242485761642e-03
1.558062881231307983e-01
-1.481292694807052612e-01
2.010720819234848022e-01
-1.184486970305442810e-02
-5.387270450592041016e-02
-6.879059970378875732e-02
-2.048277994617819786e-03
-1.152081787586212158e-01
-6.416234374046325684e-02
4.079250991344451904e-02
-2.364121079444885254e-01
2.422079890966415405e-01
1.902655661106109619e-01
-1.558089535683393478e-02
1.542546302080154419e-01
8.426720649003982544e-02
6.847734749317169189e-02
-8.575177192687988281e-02
8.568958938121795654e-02
-1.066224277019500732e-01
-1.129743903875350952e-01
7.889965921640396118e-02
1.378280762583017349e-02
1.289559304714202881e-01
6.460047513246536255e-02
