-1.336809247732162476e-01
3.325612470507621765e-02
7.315816730260848999e-02
-9.799945168197154999e-03
-5.060136318206787109e-03
-8.096662163734436035e-02
-7.849331945180892944e-03
-1.217463985085487366e-01
1.353526860475540161e-01
-1.441599614918231964e-02
1.274006217718124390e-01
-1.316454820334911346e-02
-2.428602576255798340e-01
-8.356990665197372437e-02
2.932411432266235352e-02
1.212345510721206665e-01
-5.686954408884048462e-02
-1.482349783182144165e-01
-1.618104428052902222e-01
-1.815377026796340942e-01
-6.535034626722335815e-02
3.125107660889625549e-02
8.276689052581787109e-02
-2.324392832815647125e-02
-1.684921383857727051e-01
-3.357658684253692627e-01
-1.047557145357131958e-01
-1.451449692249298096e-01
1.090191304683685303e-02
-1.034736782312393188e-01
4.421598464250564575e-02
-3.436284512281417847e-02
-2.532362937927246094e-01
-7.988841086626052856e-02
-1.671952009201049805e-02
6.975553929805755615e-02
-3.442845866084098816e-02
-1.193176060914993286e-01
2.557255625724792480e-01
-6.842046976089477539e-03
-1.743890196084976196e-01
3.084007278084754944e-02
1.099103018641471863e-01
1.652343273162841797e-01
1.917730420827865601e-01
-3.795198351144790649e-02
5.259195715188980103e-02
-6.456177681684494019e-03
1.022788733243942261e-01
-1.332459747791290283e-01
5.182646960020065308e-02
8.093676716089248657e-02
1.243653595447540283e-01
8.777135610580444336e-02
7.493415474891662598e-02
-1.090542599558830261e-01
3.417512774467468262e-02
1.380943953990936279e-01
-1.968391537666320801e-01
6.528798490762710571e-02
6.152809411287307739e-02
-1.155437827110290527e-01
-4.336693137884140015e-02
4.726341366767883301e-02
1.592833697795867920e-01
1.040414571762084961e-01
-3.688564524054527283e-02
-1.469304412603378296e-01
1.491607576608657837e-01
-1.815997362136840820e-01
1.493996102362871170e-02
7.560194283723831177e-02
-9.135903418064117432e-02
-1.045277640223503113e-01
-3.247068524360656738e-01
5.506135523319244385e-02
3.458040654659271240e-01
7.876734435558319092e-02
-1.227969229221343994e-01
4.001352190971374512e-02
-1.033589094877243042e-01
-2.300841175019741058e-02
-1.040738262236118317e-02
2.101454883813858032e-02
-9.036044776439666748e-02
2.021497115492820740e-03
-8.736350387334823608e-02
3.423257917165756226e-02
2.229073792695999146e-01
6.987153738737106323e-02
-6.159979477524757385e-02
1.321783959865570068e-01
-2.607703208923339844e-02
3.146470710635185242e-02
2.392581105232238770e-02
4.422954469919204712e-02
-1.628632098436355591e-01
-6.598556041717529297e-02
-1.150060817599296570e-02
-1.247255876660346985e-02
5.197199434041976929e-02
-8.104564249515533447e-02
5.877685174345970154e-02
8.986539393663406372e-02
-1.598785519599914551e-01
1.403875946998596191e-01
-2.980224415659904480e-02
-2.009652741253376007e-02
-2.756960317492485046e-02
1.022457480430603027e-01
-5.504445172846317291e-03
-2.155158668756484985e-02
1.219371110200881958e-01
-2.139043956995010376e-01
2.239821851253509521e-01
1.700685322284698486e-01
-9.009908884763717651e-02
1.098588407039642334e-01
3.330789878964424133e-02
8.143284916877746582e-02
-7.597289979457855225e-02
8.590511977672576904e-02
-1.524666398763656616e-01
-9.108509123325347900e-02
-2.684170752763748169e-02
2.385347709059715271e-02
1.510170400142669678e-01
1.175555959343910217e-01
