-1.671055555343627930e-01
1.282092481851577759e-01
6.726014614105224609e-02
-7.723900675773620605e-02
-1.592685133218765259e-01
8.689419180154800415e-02
-6.303766369819641113e-02
-1.906936056911945343e-03
1.048350632190704346e-01
-1.437370032072067261e-01
1.529565155506134033e-01
5.901499837636947632e-02
-1.867120414972305298e-01
-4.232672043144702911e-03
6.121826916933059692e-02
2.020306587219238281e-01
-1.251786202192306519e-01
-1.404771655797958374e-01
-1.451287567615509033e-01
-3.825172036886215210e-02
1.797629706561565399e-02
1.061233133077621460e-01
-7.456100732088088989e-02
1.007695682346820831e-03
-1.289849281311035156e-01
-3.061906695365905762e-01
2.436708472669124603e-02
2.253127843141555786e-02
8.558512479066848755e-02
-8.842189796268939972e-03
-3.094420954585075378e-02
3.025014884769916534e-02
-1.419359445571899414e-01
3.327964246273040771e-02
-7.256862707436084747e-03
1.455805003643035889e-01
-3.706525638699531555e-02
-5.880590900778770447e-02
1.204479560256004333e-01
5.198447965085506439e-03
-2.373454421758651733e-01
5.333233252167701721e-02
1.993305049836635590e-03
2.898281812667846680e-01
2.314830869436264038e-01
-2.218335494399070740e-02
9.918837249279022217e-02
-3.977291285991668701e-02
9.770871698856353760e-02
-2.873715162277221680e-01
4.771813377737998962e-02
5.078572034835815430e-02
1.115732267498970032e-01
6.383594125509262085e-02
1.543429307639598846e-02
-1.703048497438430786e-01
5.109284073114395142e-03
1.744338423013687134e-01
-2.061066180467605591e-01
8.288742601871490479e-02
7.882729172706604004e-02
-1.244679838418960571e-01
-4.739789292216300964e-03
-1.193542778491973877e-01
2.636122703552246094e-01
9.235307574272155762e-02
-1.432854682207107544e-01
-2.022797167301177979e-01
1.543910354375839233e-01
-1.576248556375503540e-01
-6.933132559061050415e-02
3.022607415914535522e-02
-7.867668569087982178e-02
-1.293326765298843384e-01
-3.321090340614318848e-01
9.205099940299987793e-02
3.097813725471496582e-01
1.598534286022186279e-01
-1.807655096054077148e-01
2.914072573184967041e-02
1.201285794377326965e-02
4.223172087222337723e-03
5.802042037248611450e-02
1.131604611873626709e-01
-5.563268810510635376e-02
-9.308775514364242554e-02
-5.930722504854202271e-02
-2.241631969809532166e-03
2.999591529369354248e-01
4.682906903326511383e-03
5.551266018301248550e-03
2.398035973310470581e-01
9.805081039667129517e-02
-9.877427667379379272e-02
-1.038932800292968750e-02
7.931685447692871094e-02
-5.644330754876136780e-02
-2.561679575592279434e-03
-3.176815062761306763e-02
5.291014537215232849e-02
-1.333747245371341705e-02
-2.041759639978408813e-01
4.562415182590484619e-02
1.416482329368591309e-01
-2.044396996498107910e-01
2.664539217948913574e-01
-9.075424075126647949e-02
9.623791277408599854e-02
6.805182993412017822e-02
4.027418047189712524e-02
-1.022329479455947876e-01
-5.962027236819267273e-02
1.796392500400543213e-01
-2.107763886451721191e-01
1.588133573532104492e-01
2.340452373027801514e-01
8.743802458047866821e-02
1.478060334920883179e-01
1.033090800046920776e-01
1.486009657382965088e-01
1.395534444600343704e-02
9.249921143054962158e-02
-1.955640166997909546e-01
-7.530774921178817749e-02
4.808059334754943848e-02
-1.217740476131439209e-01
4.511355608701705933e-02
1.785695552825927734e-01
