-2.649107016623020172e-02
1.166740953922271729e-01
3.747721388936042786e-02
4.649065434932708740e-03
-1.108723506331443787e-01
-2.204567193984985352e-02
3.399759531021118164e-03
-1.392836272716522217e-01
1.100381538271903992e-01
-5.867937952280044556e-02
3.371609151363372803e-01
-1.061527281999588013e-01
-2.054497152566909790e-01
-1.284167319536209106e-01
-2.753400709480047226e-03
9.234768897294998169e-02
-1.693448573350906372e-01
-1.082432940602302551e-01
-9.159184247255325317e-02
-2.408556453883647919e-02
-7.163764443248510361e-03
-2.050998434424400330e-02
2.411742694675922394e-02
-1.463154423981904984e-02
-1.578930765390396118e-01
-4.081301689147949219e-01
-3.801520168781280518e-02
-1.253027170896530151e-01
7.690908759832382202e-02
-1.008450984954833984e-01
1.356286182999610901e-02
1.659184247255325317e-01
-1.365504115819931030e-01
-6.538258492946624756e-02
3.422800078988075256e-02
4.359444230794906616e-02
-1.407967358827590942e-01
-7.237473130226135254e-02
1.960752755403518677e-01
-2.106079459190368652e-02
-1.585953235626220703e-01
4.607445001602172852e-02
4.194226115942001343e-02
2.638923227787017822e-01
2.780171632766723633e-01
3.614089917391538620e-03
3.946237266063690186e-02
-4.916743561625480652e-02
1.257987767457962036e-01
-2.802994549274444580e-01
1.177852787077426910e-02
1.594761312007904053e-01
1.963350176811218262e-01
9.827002137899398804e-02
9.558025002479553223e-02
-9.958837926387786865e-02
1.383429206907749176e-02
7.564166188240051270e-02
-2.654370367527008057e-01
6.701919436454772949e-02
7.679508626461029053e-02
-4.877531528472900391e-02
-3.516498953104019165e-02
-4.674509540200233459e-02
1.858758926391601562e-01
1.076575741171836853e-01
-1.190081462264060974e-01
-4.950297623872756958e-02
1.183786690235137939e-01
-1.531572043895721436e-01
-2.439172379672527313e-02
1.147926971316337585e-01
-1.314003169536590576e-01
-2.900116443634033203e-01
-1.588732898235321045e-01
7.730459421873092651e-02
3.554057776927947998e-01
1.829130202531814575e-01
-1.699367314577102661e-01
-2.815867401659488678e-02
1.230477634817361832e-02
-2.516663260757923126e-02
6.509824097156524658e-02
1.449774950742721558e-02
-6.527829915285110474e-02
-1.338652372360229492e-01
-6.324103474617004395e-02
2.308155223727226257e-02
1.834503710269927979e-01
-5.834946036338806152e-02
-8.631322532892227173e-02
2.479560971260070801e-01
-6.247218325734138489e-02
-2.280198782682418823e-02
3.702207282185554504e-02
-8.129579946398735046e-03
-4.591330513358116150e-02
5.327606573700904846e-02
-8.095499128103256226e-02
-1.193608902394771576e-02
7.517956197261810303e-02
-1.546332836151123047e-01
-1.207728218287229538e-02
3.404522314667701721e-03
-1.240885779261589050e-01
1.839985847473144531e-01
-4.639988020062446594e-02
6.569987535476684570e-02
5.385188385844230652e-02
-1.084463447332382202e-01
-8.131296187639236450e-02
6.566447019577026367e-02
1.866287440061569214e-01
-3.039714097976684570e-01
2.934328615665435791e-01
1.286561638116836548e-01
2.542102523148059845e-02
1.535778641700744629e-01
5.727905035018920898e-02
-4.782466217875480652e-03
3.386990725994110107e-02
-5.601860955357551575e-02
-1.016560494899749756e-01
-1.171016395092010498e-01
5.775943398475646973e-02
-4.650965332984924316e-02
5.694467201828956604e-02
-5.855257809162139893e-02
