-8.969420194625854492e-02
6.486440449953079224e-02
6.826382875442504883e-02
8.369266055524349213e-03
-1.105444803833961487e-01
-2.216607145965099335e-02
2.675651386380195618e-02
-1.164695769548416138e-01
1.065890192985534668e-01
6.692508608102798462e-02
2.972759902477264404e-01
-2.936729229986667633e-02
-2.259063124656677246e-01
-1.221669241786003113e-01
6.432791799306869507e-02
6.487733870744705200e-02
-1.801741123199462891e-02
-9.125511348247528076e-02
-1.105932444334030151e-01
-1.649766042828559875e-02
3.156988322734832764e-02
3.155597671866416931e-02
7.202021032571792603e-02
9.392324090003967285e-02
-1.942948997020721436e-01
-3.031478226184844971e-01
-4.475541785359382629e-02
-7.645062357187271118e-02
-3.542155027389526367e-03
-7.876264303922653198e-02
5.230515450239181519e-02
1.630269885063171387e-01
-2.338233292102813721e-01
-7.166326791048049927e-02
6.789700686931610107e-02
1.813938170671463013e-01
-1.125146150588989258e-01
-9.087642282247543335e-02
2.066440284252166748e-01
-2.100438624620437622e-02
-9.323097765445709229e-02
-6.276319921016693115e-02
-3.353103995323181152e-02
2.545663118362426758e-01
1.521581709384918213e-01
-1.997934281826019287e-02
8.239354938268661499e-02
-1.280355174094438553e-02
1.159756109118461609e-01
-2.606140077114105225e-01
5.665924400091171265e-02
1.348395049571990967e-01
1.681880801916122437e-01
1.388597954064607620e-02
1.476530432701110840e-01
-1.076998040080070496e-01
7.723166793584823608e-02
1.851488947868347168e-01
-2.429358661174774170e-01
4.767555370926856995e-02
-4.625670146197080612e-03
-5.143133550882339478e-02
-1.918803714215755463e-02
-1.380660533905029297e-01
2.098922282457351685e-01
1.161435395479202271e-01
-5.264000222086906433e-02
-1.124069392681121826e-01
1.396032571792602539e-01
-1.008502617478370667e-01
-7.440248876810073853e-02
1.793443560600280762e-01
-1.609102189540863037e-01
-2.245440185070037842e-01
-2.962940335273742676e-01
5.818593502044677734e-02
3.920834660530090332e-01
1.271154731512069702e-01
-2.878796458244323730e-01
-4.230708628892898560e-02
1.190101541578769684e-02
1.156434137374162674e-02
6.983534991741180420e-02
-3.891340270638465881e-02
-4.160978272557258606e-02
-6.073480099439620972e-02
-1.733825504779815674e-01
1.013612374663352966e-03
2.561390101909637451e-01
-2.388033643364906311e-02
-7.155040651559829712e-02
2.208428233861923218e-01
2.190206386148929596e-02
-2.760098874568939209e-02
5.269660428166389465e-02
-9.873374551534652710e-02
1.275340933352708817e-02
3.753389045596122742e-02
-9.503860026597976685e-02
3.628068044781684875e-02
1.609407924115657806e-02
-6.862394511699676514e-02
-1.317661348730325699e-02
7.482729107141494751e-02
-1.465135365724563599e-01
1.036284714937210083e-01
-2.153342217206954956e-02
-1.309963408857584000e-02
-2.862157486379146576e-02
-8.576440811157226562e-02
-2.212586849927902222e-01
-1.465404871851205826e-02
1.814771592617034912e-01
-3.475777208805084229e-01
2.071962803602218628e-01
8.817064762115478516e-02
-3.458492457866668701e-02
8.569011837244033813e-02
-2.487069740891456604e-02
8.138519525527954102e-02
-9.333215653896331787e-03
1.564855687320232391e-02
-1.134518459439277649e-01
-8.166624605655670166e-02
1.384416520595550537e-01
-7.671362161636352539e-02
1.577676460146903992e-02
-1.447570510208606720e-02
