-1.965138763189315796e-01
1.147542223334312439e-01
1.097255274653434753e-01
-1.063862144947052002e-01
-2.263105362653732300e-01
-5.558723211288452148e-02
-6.961476057767868042e-02
-2.539530992507934570e-01
9.324499964714050293e-02
-5.595559254288673401e-02
1.132405400276184082e-01
-8.577652275562286377e-02
-3.344209194183349609e-01
5.483372882008552551e-02
-1.535633802413940430e-01
1.754713803529739380e-01
-2.580036520957946777e-01
-1.926255226135253906e-01
-6.029707193374633789e-02
-3.257896006107330322e-02
6.180086359381675720e-02
2.191183529794216156e-02
3.105563670396804810e-02
2.325153201818466187e-01
-3.988854587078094482e-05
-3.368882536888122559e-01
-6.186862289905548096e-02
-4.890473932027816772e-02
3.251324221491813660e-02
-8.682668954133987427e-02
2.541291341185569763e-02
4.711391776800155640e-02
-2.667424976825714111e-01
-2.196737937629222870e-02
-2.180548384785652161e-02
1.219161450862884521e-01
2.519694529473781586e-02
-1.735687851905822754e-01
1.716363728046417236e-01
8.971689268946647644e-03
-2.085859328508377075e-01
-2.363930083811283112e-02
1.072365492582321167e-01
2.580188214778900146e-01
1.987959593534469604e-01
2.476531825959682465e-02
5.512823164463043213e-02
-1.110640019178390503e-01
1.935889869928359985e-01
-3.199408948421478271e-01
5.630333721637725830e-02
1.985720992088317871e-01
1.286548189818859100e-02
5.446122493594884872e-03
8.580634742975234985e-02
-2.890508472919464111e-01
4.100114852190017700e-02
4.486867040395736694e-02
-1.240407824516296387e-01
1.451617181301116943e-01
1.290553063154220581e-01
-7.468648254871368408e-02
5.528987571597099304e-02
-1.444014906883239746e-01
2.060641944408416748e-01
4.065897315740585327e-02
-7.438595592975616455e-02
-1.253899633884429932e-01
2.337014079093933105e-01
-1.883399635553359985e-01
-6.103907153010368347e-02
4.934139549732208252e-02
-1.482000052928924561e-01
-1.271024942398071289e-01
-2.978328764438629150e-01
8.018275722861289978e-03
4.684629142284393311e-01
1.666753292083740234e-01
-1.323876082897186279e-01
6.785898655652999878e-02
-8.039303123950958252e-02
-4.117028042674064636e-02
-3.863888606429100037e-02
1.896705776453018188e-01
-1.204533129930496216e-02
6.830520927906036377e-02
-1.533941179513931274e-01
9.213875979185104370e-02
2.049755901098251343e-01
2.316186949610710144e-02
5.669225379824638367e-02
4.064524173736572266e-01
5.299503356218338013e-02
-2.552573010325431824e-02
7.978389412164688110e-02
7.752488553524017334e-02
-1.622271388769149780e-01
-1.570669189095497131e-02
-1.602039337158203125e-01
2.319192513823509216e-02
-1.660783030092716217e-02
-4.248072579503059387e-02
3.321072086691856384e-02
8.874316513538360596e-02
-1.519077867269515991e-01
6.932180374860763550e-02
-8.196052908897399902e-02
-7.286938838660717010e-03
-1.152606084942817688e-01
-6.226568669080734253e-02
-1.368062645196914673e-01
-4.394318163394927979e-02
1.863557994365692139e-01
-2.080875486135482788e-01
1.679130941629409790e-01
1.650952696800231934e-01
9.603417664766311646e-02
1.019144430756568909e-01
1.483506988734006882e-02
1.116974800825119019e-01
5.591521784663200378e-02
-5.617707967758178711e-02
-7.194982469081878662e-02
-7.258455455303192139e-02
6.751959770917892456e-02
-1.145008653402328491e-01
-3.263111039996147156e-02
1.104405224323272705e-01
