-1.341782510280609131e-01
1.132487952709197998e-01
6.916730105876922607e-02
-2.933839708566665649e-02
-1.424795836210250854e-01
-5.707145109772682190e-02
-3.135785460472106934e-02
-1.962221413850784302e-01
1.011111810803413391e-01
-8.056358993053436279e-02
2.121700197458267212e-01
-4.034052416682243347e-02
-2.508744299411773682e-01
-9.637556970119476318e-02
7.576681673526763916e-02
1.282879561185836792e-01
-4.481147229671478271e-02
-1.769618988037109375e-01
-2.262909710407257080e-01
-2.535926550626754761e-02
-8.506975322961807251e-02
3.988892585039138794e-02
8.207113295793533325e-02
1.515306346118450165e-02
-1.521036922931671143e-01
-4.188494086265563965e-01
-1.253634989261627197e-01
-5.290672183036804199e-02
3.667701408267021179e-02
-1.524875462055206299e-01
2.388651669025421143e-02
2.026878111064434052e-02
-2.491642087697982788e-01
-1.079126670956611633e-01
4.928185790777206421e-02
1.957342028617858887e-02
-1.029762327671051025e-01
-7.025749981403350830e-02
2.819161713123321533e-01
6.691067665815353394e-02
-2.179020047187805176e-01
8.137539774179458618e-02
1.690437830984592438e-02
2.825424373149871826e-01
2.239605188369750977e-01
-1.606828160583972931e-02
6.622955203056335449e-02
-1.506768763065338135e-01
1.595967262983322144e-01
-2.970846295356750488e-01
9.678112715482711792e-02
1.484704911708831787e-01
1.296818703413009644e-01
4.803679138422012329e-02
1.715846806764602661e-01
-8.205676078796386719e-02
4.984440281987190247e-02
1.252707391977310181e-01
-2.210035771131515503e-01
1.460641473531723022e-01
1.609327495098114014e-01
-6.593855470418930054e-02
-6.515067815780639648e-02
-9.950046986341476440e-02
1.802055686712265015e-01
6.601735949516296387e-02
-1.280256360769271851e-01
-7.413005828857421875e-02
1.033363938331604004e-01
-1.335754692554473877e-01
-9.032513946294784546e-03
5.825212597846984863e-02
-8.359863609075546265e-02
-2.311604171991348267e-01
-4.180918633937835693e-01
6.778663396835327148e-02
3.113637566566467285e-01
1.784489899873733521e-01
-2.968347370624542236e-01
-5.290611088275909424e-02
-5.527132749557495117e-02
4.104280471801757812e-02
3.540944680571556091e-02
2.214079536497592926e-02
-1.316442787647247314e-01
-7.986694574356079102e-02
-5.292072892189025879e-02
4.574776440858840942e-02
2.424469888210296631e-01
2.447916194796562195e-02
-1.712080836296081543e-02
3.129353225231170654e-01
2.382232248783111572e-02
1.876744255423545837e-02
5.817808955907821655e-02
8.372380584478378296e-02
-1.260952204465866089e-01
-1.593906581401824951e-01
-1.088229939341545105e-01
8.443300426006317139e-02
4.462727159261703491e-02
-1.214044690132141113e-01
2.060753107070922852e-02
1.074166446924209595e-01
-1.960675716400146484e-01
2.236530929803848267e-01
-4.941810294985771179e-02
-3.326868638396263123e-02
-3.561303019523620605e-02
-3.651646524667739868e-02
-1.415588408708572388e-01
-1.044341921806335449e-02
1.395188271999359131e-01
-2.824530601501464844e-01
2.708821892738342285e-01
1.956095248460769653e-01
-3.915684297680854797e-02
8.398527652025222778e-02
8.826813101768493652e-02
1.953176222741603851e-02
-8.074979484081268311e-02
6.662712991237640381e-02
-6.835667788982391357e-02
-1.398891657590866089e-01
7.555563002824783325e-02
-3.813663497567176819e-02
4.629021883010864258e-02
4.001417756080627441e-02
