-1.914195269346237183e-01
1.348550766706466675e-01
2.640131302177906036e-02
-3.564935177564620972e-02
-1.010955311357975006e-02
-4.284583032131195068e-02
-6.616767495870590210e-02
-1.218797266483306885e-01
1.920397877693176270e-01
-3.144333139061927795e-02
2.133492976427078247e-01
-4.391665756702423096e-02
-2.310211509466171265e-01
-8.847796171903610229e-02
-3.043738659471273422e-03
1.338890343904495239e-01
-1.933482289314270020e-01
-1.115372478961944580e-01
-7.271789014339447021e-03
-2.467069029808044434e-02
7.311316579580307007e-02
-7.479777559638023376e-03
8.713381737470626831e-02
1.465254426002502441e-01
-1.999138295650482178e-01
-3.326242864131927490e-01
-1.082756891846656799e-01
-1.566808819770812988e-01
3.036824613809585571e-02
-1.538528949022293091e-01
-5.367751047015190125e-02
-7.116148248314857483e-03
-1.988762468099594116e-01
7.962052710354328156e-03
2.783426083624362946e-03
1.181639134883880615e-01
-2.688631787896156311e-02
-4.412721376866102219e-03
1.476108282804489136e-01
-1.126474048942327499e-02
-1.758931130170822144e-01
-9.836488217115402222e-02
-6.320615299046039581e-03
2.934203445911407471e-01
2.300751656293869019e-01
-1.071065478026866913e-02
9.142375551164150238e-03
-2.220716513693332672e-02
1.212345883250236511e-01
-2.373473197221755981e-01
-4.905532673001289368e-02
1.643288135528564453e-01
5.415162816643714905e-02
1.408013701438903809e-02
8.403749018907546997e-02
-8.932980149984359741e-02
-5.685511976480484009e-03
7.826412469148635864e-02
-1.970889121294021606e-01
1.321144960820674896e-02
-3.411757573485374451e-02
-7.786190509796142578e-02
-7.851697504520416260e-02
2.918630838394165039e-02
1.756344735622406006e-01
9.493208676576614380e-02
-1.168597042560577393e-01
-1.531640887260437012e-01
1.189082115888595581e-01
-1.881958097219467163e-01
4.600149020552635193e-02
1.636706590652465820e-01
-1.136241182684898376e-01
-2.275849878787994385e-01
-2.689636647701263428e-01
-7.536840438842773438e-02
3.714816868305206299e-01
3.667536377906799316e-02
-1.586300879716873169e-01
1.157220527529716492e-01
-1.291472166776657104e-01
-2.301919460296630859e-02
1.672106236219406128e-02
1.916938647627830505e-02
-5.481793358922004700e-02
1.184859424829483032e-01
-1.905351430177688599e-01
8.248686790466308594e-02
1.760447472333908081e-01
-1.178363636136054993e-01
6.688645482063293457e-02
1.968094408512115479e-01
-3.018336370587348938e-02
7.495414465665817261e-04
6.422828137874603271e-02
1.024154424667358398e-01
-1.157817393541336060e-01
-5.499379336833953857e-02
-1.019685268402099609e-01
-9.101022034883499146e-02
7.202939689159393311e-02
-4.255778342485427856e-02
-1.338042505085468292e-02
2.405814081430435181e-02
-2.200261205434799194e-01
1.207921579480171204e-01
7.648611068725585938e-02
-4.252131655812263489e-02
-4.025764763355255127e-02
-1.733206026256084442e-02
-1.250717788934707642e-01
-8.235215395689010620e-02
1.510812193155288696e-01
-3.163751661777496338e-01
1.412671059370040894e-01
1.817968487739562988e-01
-9.226929396390914917e-02
1.176653504371643066e-01
-4.685277491807937622e-02
2.804520353674888611e-02
-8.718332648277282715e-02
-1.597830280661582947e-02
-9.892806410789489746e-03
-5.407454818487167358e-02
1.605461351573467255e-02
4.578143358230590820e-03
-9.129002690315246582e-03
-9.610124677419662476e-02
