-3.160253539681434631e-02
7.609809190034866333e-02
5.875606462359428406e-02
-1.292244046926498413e-01
-1.764947026968002319e-01
3.548809513449668884e-02
-3.953582048416137695e-02
-8.867307007312774658e-02
1.743554621934890747e-01
-1.849337965250015259e-01
1.348576098680496216e-01
-4.672018066048622131e-02
-1.646634340286254883e-01
6.171837821602821350e-02
-7.523197680711746216e-02
1.356835365295410156e-01
-1.721686571836471558e-01
-1.432637423276901245e-01
-6.381289660930633545e-02
-1.107022464275360107e-01
-3.483635559678077698e-02
1.417016685009002686e-01
-5.621111765503883362e-02
6.208286434412002563e-02
-6.829845905303955078e-02
-2.260115444660186768e-01
8.176045492291450500e-03
-6.745669245719909668e-02
1.035232394933700562e-01
-7.772042602300643921e-02
-4.548691213130950928e-02
9.343402832746505737e-02
-2.134344577789306641e-01
-4.783831536769866943e-04
8.392723277211189270e-03
1.413868069648742676e-01
-1.321540623903274536e-01
-1.382545083761215210e-01
1.102466285228729248e-01
-4.003969952464103699e-04
-2.101801633834838867e-01
1.175847463309764862e-02
7.422142475843429565e-02
1.943301260471343994e-01
2.095511406660079956e-01
-7.180700451135635376e-02
8.599484339356422424e-03
-9.859629720449447632e-02
1.208606362342834473e-01
-2.499186545610427856e-01
-1.471517421305179596e-02
1.438903063535690308e-01
1.253245919942855835e-01
6.512010097503662109e-02
2.488419972360134125e-02
-1.382861584424972534e-01
2.531238831579685211e-02
1.040482521057128906e-01
-1.622342616319656372e-01
1.941783353686332703e-02
1.579835265874862671e-01
-6.722854822874069214e-02
-3.280286118388175964e-02
-3.820902109146118164e-02
1.758708208799362183e-01
8.886653929948806763e-02
-9.506713598966598511e-02
-1.792315244674682617e-01
1.939992457628250122e-01
-2.212796509265899658e-01
-1.177457123994827271e-01
1.115171462297439575e-01
-3.697591274976730347e-02
-1.212098225951194763e-01
-1.916524767875671387e-01
3.111830353736877441e-02
3.591936528682708740e-01
1.615724563598632812e-01
-5.344674736261367798e-02
6.158023700118064880e-02
-2.408193796873092651e-02
4.429221153259277344e-03
3.277792781591415405e-02
1.210775971412658691e-01
-7.310550659894943237e-02
-5.468038097023963928e-02
-5.360901355743408203e-02
6.162008643150329590e-02
1.889434009790420532e-01
-6.157640367746353149e-03
-8.874290622770786285e-03
1.330466866493225098e-01
3.698791936039924622e-02
-5.345041304826736450e-02
4.410265944898128510e-03
8.287151157855987549e-02
-1.131245270371437073e-01
2.814103662967681885e-02
-9.500512480735778809e-02
1.452763564884662628e-02
3.310898318886756897e-03
-6.567151844501495361e-02
-2.325540594756603241e-02
1.776766031980514526e-01
-1.412558704614639282e-01
2.187071889638900757e-01
-9.517940878868103027e-02
-6.097639724612236023e-02
3.805037587881088257e-02
-2.855747751891613007e-02
4.341400228440761566e-03
5.922118434682488441e-04
1.229059472680091858e-01
-2.261904478073120117e-01
1.151896566152572632e-01
1.048741564154624939e-01
2.648288756608963013e-02
1.424760967493057251e-01
5.356770008802413940e-02
9.631112962961196899e-02
3.072000853717327118e-02
-6.250726431608200073e-02
-2.299824059009552002e-01
-1.576243638992309570e-01
1.119218487292528152e-02
-7.059518992900848389e-02
1.133242156356573105e-02
2.889128029346466064e-02
