-1.739288866519927979e-01
1.561817377805709839e-01
1.205326467752456665e-01
2.487534657120704651e-02
-3.590831533074378967e-02
-1.018384993076324463e-01
8.179809153079986572e-02
-1.480078995227813721e-01
1.163589581847190857e-01
1.337201707065105438e-02
2.821057438850402832e-01
-5.799055844545364380e-02
-7.191088050603866577e-02
-1.742909848690032959e-01
4.653345420956611633e-02
1.332771480083465576e-01
-1.279927045106887817e-01
-1.155534163117408752e-01
-1.518095731735229492e-01
-6.270291656255722046e-02
-2.346236258745193481e-02
3.109551221132278442e-02
2.820962853729724884e-02
1.566900499165058136e-02
-3.499274700880050659e-02
-3.130872547626495361e-01
-1.019727662205696106e-01
-1.328304409980773926e-01
8.338391035795211792e-02
-8.618751168251037598e-02
-3.640041686594486237e-03
-4.497796297073364258e-03
-2.730515897274017334e-01
-1.388647556304931641e-01
-3.813125938177108765e-02
4.124283790588378906e-02
2.655881643295288086e-02
-2.201718837022781372e-02
1.324982047080993652e-01
-1.714187674224376678e-03
-1.597657352685928345e-01
7.614734768867492676e-02
8.924154937267303467e-02
2.145045697689056396e-01
2.066296339035034180e-01
-2.149385213851928711e-02
-3.281385451555252075e-02
-4.195545800030231476e-03
1.271861139684915543e-02
-1.952690929174423218e-01
4.036533087491989136e-02
8.520901948213577271e-02
1.830561757087707520e-01
6.964516639709472656e-02
1.694640889763832092e-02
-9.065619856119155884e-02
-2.466731145977973938e-02
3.278649598360061646e-02
-1.164590641856193542e-01
-2.502127317711710930e-03
5.591499432921409607e-02
-5.102733522653579712e-02
-7.998765259981155396e-02
4.415852576494216919e-02
1.534928977489471436e-01
1.463944464921951294e-01
1.266305148601531982e-02
-1.226198896765708923e-01
8.295383304357528687e-02
-1.295893639326095581e-01
-1.392607763409614563e-02
6.330596655607223511e-02
-9.647168219089508057e-02
-9.713842719793319702e-02
-2.420049607753753662e-01
1.362579166889190674e-01
4.023929238319396973e-01
5.416466295719146729e-02
-2.509575486183166504e-01
-1.767732575535774231e-02
-2.022204101085662842e-01
2.673169411718845367e-02
1.438685040920972824e-02
-7.550772279500961304e-03
-3.456931561231613159e-02
-2.127774804830551147e-02
-1.443384289741516113e-01
1.344882883131504059e-02
1.439766734838485718e-01
-5.925549566745758057e-02
4.589845985174179077e-02
2.129900455474853516e-01
1.876961439847946167e-02
-4.430401138961315155e-03
-3.242564387619495392e-03
-4.525382444262504578e-02
4.033138975501060486e-03
5.781341809779405594e-03
-6.267078220844268799e-02
-5.685259401798248291e-02
4.829891771078109741e-02
-2.319557964801788330e-02
-2.598860673606395721e-02
8.462494611740112305e-02
-2.534892857074737549e-01
7.893378287553787231e-02
5.755807459354400635e-02
-4.195416718721389771e-02
5.485829338431358337e-02
4.058866947889328003e-02
7.144089788198471069e-02
-9.545189142227172852e-02
9.500645101070404053e-02
-1.536604464054107666e-01
2.023473978042602539e-01
1.978982388973236084e-01
-1.493710279464721680e-01
1.322826296091079712e-01
-6.891334429383277893e-03
1.359116882085800171e-01
-3.191718086600303650e-02
1.904091984033584595e-02
-4.651941731572151184e-02
-2.428089268505573273e-02
3.935641050338745117e-02
7.780507672578096390e-03
-6.260960549116134644e-02
3.150608763098716736e-02
