-9.569554775953292847e-02
4.363164305686950684e-02
5.814567953348159790e-02
-5.163351446390151978e-02
-1.367818117141723633e-01
3.374571353197097778e-02
1.364190317690372467e-02
-8.768473565578460693e-02
1.456355750560760498e-01
-1.314476579427719116e-01
1.760987043380737305e-01
-8.573170006275177002e-02
-2.554181218147277832e-01
-7.440603524446487427e-02
-9.315232932567596436e-02
1.453175395727157593e-01
-1.093760654330253601e-01
-2.348516434431076050e-01
-1.098823733627796173e-02
-1.102329194545745850e-01
7.774406671524047852e-02
-2.034872956573963165e-02
2.635694108903408051e-02
7.242428511381149292e-02
-3.143407106399536133e-01
-2.556839287281036377e-01
-5.224443972110748291e-02
-4.966191947460174561e-02
-1.890630647540092468e-02
-1.530386060476303101e-01
9.034532308578491211e-02
2.033765614032745361e-01
-1.551194339990615845e-01
8.054782450199127197e-02
-2.966132946312427521e-03
2.309167385101318359e-01
5.065672099590301514e-03
-1.350305080413818359e-01
1.609493196010589600e-01
7.921577244997024536e-02
-2.582627832889556885e-01
-2.650143764913082123e-02
2.217663079500198364e-02
3.553981482982635498e-01
1.952935457229614258e-01
-8.038750849664211273e-03
3.394842520356178284e-02
-5.838529020547866821e-02
1.327263414859771729e-01
-3.311039507389068604e-01
6.849923729896545410e-02
1.869150549173355103e-01
1.073530875146389008e-03
5.816835910081863403e-02
1.086357608437538147e-01
-1.450026482343673706e-01
4.840485006570816040e-02
1.268602460622787476e-01
-1.887138038873672485e-01
1.845814846456050873e-02
4.005134105682373047e-02
-9.109727293252944946e-02
3.773040696978569031e-02
-1.799701601266860962e-01
2.102974951267242432e-01
1.133382618427276611e-01
-1.579098403453826904e-01
-6.093753874301910400e-02
2.632850110530853271e-01
-1.636491864919662476e-01
-8.308604359626770020e-02
1.684818565845489502e-01
-9.672143310308456421e-02
-1.880434900522232056e-01
-2.468730956315994263e-01
6.477721035480499268e-02
3.715412020683288574e-01
2.370778769254684448e-01
-1.130023747682571411e-01
5.244483053684234619e-02
4.891465418040752411e-03
3.634992241859436035e-02
-7.380267605185508728e-03
2.235092967748641968e-01
-5.479121580719947815e-03
6.198739260435104370e-02
-8.825778216123580933e-02
2.880107611417770386e-02
1.985960602760314941e-01
3.255177289247512817e-03
-5.017623677849769592e-02
2.759735584259033203e-01
5.631420761346817017e-03
-7.972937822341918945e-02
4.831980913877487183e-02
6.552521139383316040e-02
-1.492823809385299683e-01
2.766186185181140900e-02
-9.537123888731002808e-02
-5.422508344054222107e-02
5.325811356306076050e-02
-9.840417653322219849e-02
-5.906314123421907425e-03
9.596431255340576172e-02
-1.479217708110809326e-01
2.211437523365020752e-01
-8.501110225915908813e-02
-2.949271723628044128e-02
-6.553465127944946289e-02
-9.630578756332397461e-02
-7.317176088690757751e-03
9.747456014156341553e-02
1.413145661354064941e-01
-3.670715391635894775e-01
1.400148719549179077e-01
1.397542357444763184e-01
3.925463184714317322e-02
1.747514605522155762e-01
9.726637601852416992e-02
1.182727366685867310e-01
2.112274616956710815e-02
-1.115379780530929565e-01
-1.029742732644081116e-01
-1.163447946310043335e-01
4.839606117457151413e-03
-1.046211272478103638e-01
3.025801852345466614e-02
4.090235754847526550e-02
