3.712546313181519508e-03
1.480806171894073486e-01
9.826966375112533569e-02
-6.452793627977371216e-02
-8.581001311540603638e-02
-1.810376346111297607e-02
-8.991744369268417358e-03
-1.284995377063751221e-01
2.184596955776214600e-01
-6.962677091360092163e-02
2.433915734291076660e-01
7.264404743909835815e-02
-1.571063995361328125e-01
-9.277611970901489258e-02
-1.599315740168094635e-02
8.181185275316238403e-02
-1.309606432914733887e-01
-1.537938714027404785e-01
-4.270565509796142578e-02
-6.318065524101257324e-02
-3.781201317906379700e-02
-2.507776580750942230e-02
-3.756653051823377609e-03
1.207883656024932861e-02
-5.784276872873306274e-04
-3.651463389396667480e-01
-5.425129458308219910e-02
-1.002736091613769531e-01
1.015028208494186401e-01
-1.473988890647888184e-01
5.215518921613693237e-02
2.176592685282230377e-02
-1.632410585880279541e-01
-5.026699602603912354e-02
-1.049054227769374847e-02
3.738476336002349854e-02
-3.616319596767425537e-02
-2.468227222561836243e-02
2.016920745372772217e-01
-1.628817804157733917e-02
-1.379939466714859009e-01
4.573462530970573425e-02
-2.636063285171985626e-02
2.567826211452484131e-01
1.235833615064620972e-01
3.699188306927680969e-02
1.085313633084297180e-01
-1.217245459556579590e-01
8.826567232608795166e-02
-1.277078688144683838e-01
1.014855429530143738e-01
1.315018832683563232e-01
8.534859120845794678e-02
3.279967606067657471e-02
2.962803840637207031e-02
-1.730784326791763306e-01
-3.140596300363540649e-02
9.183651208877563477e-02
-2.287902534008026123e-01
1.396369338035583496e-01
1.331180334091186523e-01
-9.691073745489120483e-02
-8.680734038352966309e-02
-1.783587969839572906e-02
2.641648650169372559e-01
1.126283705234527588e-01
-9.254364669322967529e-02
-1.835251599550247192e-01
1.680928915739059448e-01
-1.379282772541046143e-01
-6.324306130409240723e-02
4.417267814278602600e-02
-1.026316881179809570e-01
-9.235833585262298584e-02
-2.220636457204818726e-01
8.816565573215484619e-02
4.341864883899688721e-01
1.159888654947280884e-01
-1.519124060869216919e-01
-1.681784540414810181e-02
-2.023719996213912964e-01
1.262926869094371796e-02
2.680027112364768982e-02
2.569735236465930939e-02
-8.440932631492614746e-02
-4.900979250669479370e-02
-9.411852806806564331e-02
2.022966928780078888e-02
1.540168821811676025e-01
5.952390283346176147e-02
-8.996620774269104004e-02
1.183087974786758423e-01
-3.247953206300735474e-02
2.228623256087303162e-02
-4.823419451713562012e-02
1.555698178708553314e-02
-1.045278459787368774e-01
5.062728375196456909e-02
-1.058812737464904785e-01
-7.412049174308776855e-02
-1.510954461991786957e-03
-6.697645038366317749e-02
3.731835260987281799e-02
1.198892220854759216e-01
-2.168797850608825684e-01
1.649625897407531738e-01
-2.643641550093889236e-03
4.745982587337493896e-03
6.193614006042480469e-02
1.083104386925697327e-01
-7.073833793401718140e-02
-7.068349421024322510e-02
1.762307137250900269e-01
-2.935037016868591309e-01
3.116982579231262207e-01
1.743909716606140137e-01
1.275380700826644897e-01
1.408603340387344360e-01
3.449894115328788757e-02
8.873534202575683594e-02
1.037217956036329269e-02
-9.184745699167251587e-02
-1.302967369556427002e-01
-4.937267675995826721e-02
-4.258676618337631226e-02
1.397085189819335938e-02
9.439941495656967163e-02
6.671512871980667114e-02
