-9.593313187360763550e-02
2.505338937044143677e-02
1.274400055408477783e-01
8.540226146578788757e-03
-2.572284638881683350e-02
-6.270942091941833496e-02
4.707451164722442627e-02
-1.666651368141174316e-01
1.379903107881546021e-01
-8.673897385597229004e-02
1.539391279220581055e-01
-1.355727612972259521e-01
-2.101824283599853516e-01
-9.199529886245727539e-02
8.808337152004241943e-03
2.267021536827087402e-01
-1.727676242589950562e-01
-1.017245724797248840e-01
-1.091995984315872192e-01
-1.062478497624397278e-01
5.025441292673349380e-03
-1.528995670378208160e-02
5.128579214215278625e-02
1.465752124786376953e-01
-5.728808045387268066e-02
-3.095390200614929199e-01
-6.563942134380340576e-02
-1.654409021139144897e-01
6.049244105815887451e-02
-2.516696462407708168e-03
-3.041890449821949005e-02
1.178750917315483093e-01
-2.142648100852966309e-01
2.051575109362602234e-02
-1.331157330423593521e-02
3.287405148148536682e-02
5.070978775620460510e-03
-6.540301442146301270e-02
1.705177575349807739e-01
-6.075900793075561523e-02
-1.968011558055877686e-01
-1.136150062084197998e-01
5.917953699827194214e-02
2.013432383537292480e-01
1.587282419204711914e-01
-4.279230162501335144e-02
-1.403514295816421509e-02
3.659467212855815887e-03
5.643928423523902893e-02
-2.137777358293533325e-01
-1.092206612229347229e-01
6.876109540462493896e-02
6.360959261655807495e-02
3.576325252652168274e-02
5.762704461812973022e-02
-2.243422269821166992e-01
4.816737957298755646e-03
5.668194033205509186e-03
-1.795137077569961548e-01
8.973748423159122467e-03
-5.915875360369682312e-02
-1.923758685588836670e-01
-1.211184710264205933e-01
-8.321607112884521484e-02
3.088886737823486328e-01
1.034629493951797485e-01
-1.210205703973770142e-01
-1.490458399057388306e-01
1.571649312973022461e-01
-1.825858950614929199e-01
7.555105537176132202e-02
1.163568794727325439e-01
-1.350841522216796875e-01
-1.007430851459503174e-01
-3.337802290916442871e-01
-5.321029573678970337e-02
3.789793550968170166e-01
5.041035637259483337e-02
-2.360664755105972290e-01
4.313676431775093079e-02
-1.251514106988906860e-01
4.482434689998626709e-02
7.227365672588348389e-02
1.498246341943740845e-01
-1.871958374977111816e-02
1.141851991415023804e-01
-8.706501126289367676e-02
-9.184500202536582947e-03
7.818247377872467041e-02
-1.327921450138092041e-01
5.448345560580492020e-03
2.087090164422988892e-01
-4.195806756615638733e-02
-7.247155532240867615e-03
-4.008257016539573669e-02
-8.944581449031829834e-02
-5.172499641776084900e-02
-6.417135149240493774e-02
-1.436034888029098511e-01
-2.959276735782623291e-02
-9.110737591981887817e-04
3.362183459103107452e-03
1.958435215055942535e-02
2.552912011742591858e-02
-1.837544143199920654e-01
3.287781029939651489e-02
5.498353019356727600e-02
-6.409774720668792725e-02
-1.985674537718296051e-02
4.851683042943477631e-03
-1.531378775835037231e-01
-8.450556546449661255e-02
1.657972037792205811e-01
-3.015810549259185791e-01
1.289616674184799194e-01
1.913034021854400635e-01
-2.541949413716793060e-02
1.321552693843841553e-01
-2.277357317507266998e-02
1.084410399198532104e-01
-8.816105872392654419e-02
2.919556573033332825e-04
-7.664389908313751221e-02
2.721521817147731781e-02
1.562907099723815918e-01
-7.823620736598968506e-02
-2.105639502406120300e-02
-4.242383688688278198e-02
