-1.021069437265396118e-01
8.440944552421569824e-02
-5.145199131220579147e-03
-1.981866359710693359e-02
-1.428549438714981079e-01
-2.933392673730850220e-02
1.888806000351905823e-02
-1.602156758308410645e-01
1.336690038442611694e-01
-9.799446910619735718e-02
1.342478990554809570e-01
-1.270746290683746338e-01
-2.522523999214172363e-01
5.848547816276550293e-02
-1.000025123357772827e-02
1.063892021775245667e-01
-9.674613922834396362e-02
-1.310941725969314575e-01
-1.578616201877593994e-01
-1.622583866119384766e-01
9.408170357346534729e-03
9.241896122694015503e-02
-7.546613365411758423e-02
2.227043360471725464e-02
-1.301704049110412598e-01
-2.570489048957824707e-01
-5.764107406139373779e-02
-6.258972734212875366e-02
1.197252795100212097e-01
-4.020923376083374023e-02
1.335094682872295380e-03
9.733308106660842896e-02
-2.462285310029983521e-01
-7.180501520633697510e-02
5.643770471215248108e-02
6.142814829945564270e-02
-1.645680889487266541e-02
-1.216879859566688538e-02
1.645179092884063721e-01
-2.380539663136005402e-02
-2.009717077016830444e-01
-2.658766694366931915e-02
1.354206502437591553e-01
2.347658574581146240e-01
8.757816255092620850e-02
2.902941079810261726e-03
-1.039651781320571899e-02
-4.322993010282516479e-02
1.092205196619033813e-01
-2.043998688459396362e-01
-1.084236614406108856e-02
1.297319680452346802e-01
1.688278466463088989e-01
1.130923256278038025e-01
5.770183354616165161e-02
-1.794508397579193115e-01
2.374060079455375671e-02
1.330265849828720093e-01
-1.706503629684448242e-01
1.141259595751762390e-01
6.569560617208480835e-02
-1.444807201623916626e-01
-5.781770497560501099e-02
-5.996753461658954620e-03
1.640316396951675415e-01
-1.987135224044322968e-02
-5.157565698027610779e-02
-1.283349841833114624e-01
1.666401028633117676e-01
-1.490229368209838867e-01
-3.512172400951385498e-02
1.120747327804565430e-01
-3.272389248013496399e-02
-1.581383794546127319e-01
-2.866851985454559326e-01
3.865383565425872803e-02
4.048724472522735596e-01
8.027903735637664795e-02
-1.749150454998016357e-01
6.074438244104385376e-02
-3.249572217464447021e-02
-7.746051251888275146e-02
4.794912040233612061e-02
3.467755764722824097e-02
-4.869785532355308533e-02
-1.407012250274419785e-02
-9.839738905429840088e-02
7.697076350450515747e-02
2.656494975090026855e-01
-8.913223445415496826e-02
5.584721267223358154e-02
2.209088057279586792e-01
1.953163743019104004e-02
-2.987242862582206726e-02
-3.523562848567962646e-02
1.337878704071044922e-01
-1.657673567533493042e-01
-6.501179933547973633e-02
-5.054950714111328125e-02
-5.235532298684120178e-02
1.394907981157302856e-01
-9.469804167747497559e-02
-1.792108826339244843e-02
1.141182035207748413e-01
-2.625883519649505615e-01
2.069295346736907959e-01
-6.229025311768054962e-03
-5.895611271262168884e-02
-3.860710561275482178e-02
-2.432564087212085724e-02
2.003842219710350037e-02
-5.617238581180572510e-03
1.587957590818405151e-01
-2.474195659160614014e-01
1.685178428888320923e-01
1.913931518793106079e-01
-7.814244925975799561e-02
1.510402709245681763e-01
-3.252983465790748596e-02
-4.865657538175582886e-03
4.135421290993690491e-02
-2.982456609606742859e-02
-1.531283557415008545e-01
-2.067121416330337524e-01
5.712702497839927673e-02
-5.534296855330467224e-02
-6.860882788896560669e-02
4.690029472112655640e-02
