-4.643825814127922058e-02
7.267139106988906860e-02
5.524982511997222900e-02
-1.123577952384948730e-01
-1.288610994815826416e-01
-8.098804391920566559e-04
9.121054410934448242e-02
-6.064658239483833313e-02
1.936597973108291626e-01
-1.356128156185150146e-01
1.853671520948410034e-01
-3.795853257179260254e-02
-3.162368535995483398e-01
2.215917967259883881e-02
-1.133144870400428772e-01
4.514547064900398254e-02
-8.895628899335861206e-02
-1.182022318243980408e-01
-5.261918529868125916e-02
-1.117139235138893127e-01
-7.506599277257919312e-02
1.781912893056869507e-02
-1.876434683799743652e-02
-1.085121370851993561e-02
-6.153005361557006836e-02
-2.893536090850830078e-01
-6.678881496191024780e-02
-4.677016288042068481e-02
3.627199679613113403e-03
-7.602772861719131470e-02
5.367011204361915588e-02
1.174871921539306641e-01
-1.080050468444824219e-01
-6.403372436761856079e-02
-1.650707796216011047e-02
2.157462015748023987e-02
-1.627319902181625366e-01
-3.109249845147132874e-02
2.650095224380493164e-01
2.664163336157798767e-02
-9.717580676078796387e-02
-5.726676061749458313e-02
3.092899546027183533e-02
3.346137106418609619e-01
1.596422493457794189e-01
-3.385226801037788391e-02
-9.334549307823181152e-03
-2.096236497163772583e-02
1.647191494703292847e-01
-2.944876849651336670e-01
5.335382372140884399e-02
1.741524487733840942e-01
1.962693929672241211e-01
7.836391031742095947e-02
1.412495523691177368e-01
-1.448377072811126709e-01
-2.066526934504508972e-02
1.504958420991897583e-01
-1.341181844472885132e-01
8.529728651046752930e-02
1.664564013481140137e-02
-3.517672419548034668e-02
-1.577511429786682129e-04
-1.024850606918334961e-01
1.059636101126670837e-01
6.376171857118606567e-02
-6.680727005004882812e-02
-1.030941456556320190e-01
1.797068566083908081e-01
-1.872329264879226685e-01
-1.525440439581871033e-02
7.897023856639862061e-02
-7.784304022789001465e-02
-1.819673329591751099e-01
-1.112411767244338989e-01
7.196889072656631470e-02
2.500674724578857422e-01
2.487360239028930664e-01
-7.098418474197387695e-02
-5.500394478440284729e-02
-5.239915847778320312e-02
-5.091544240713119507e-02
2.313770540058612823e-02
-4.280390217900276184e-02
-1.225984394550323486e-01
-5.530408397316932678e-02
-8.059182018041610718e-02
-2.225479483604431152e-02
1.154505684971809387e-01
-4.823971539735794067e-02
-9.377057105302810669e-02
1.703587621450424194e-01
-1.816645264625549316e-02
-2.885423600673675537e-04
2.885828353464603424e-02
-2.882996201515197754e-02
-1.818594187498092651e-01
7.486978918313980103e-02
-1.548734903335571289e-01
3.603105433285236359e-03
4.085172712802886963e-02
-1.902544647455215454e-01
3.065743669867515564e-02
8.186353743076324463e-02
-1.560174673795700073e-01
1.856880187988281250e-01
-7.873798906803131104e-02
1.519328635185956955e-02
-2.849248610436916351e-02
1.348783727735280991e-03
-9.570604562759399414e-02
1.729570329189300537e-02
2.021622806787490845e-01
-2.015592306852340698e-01
1.741802990436553955e-01
1.134855449199676514e-01
-7.496738433837890625e-02
1.566733866930007935e-01
7.686186581850051880e-02
7.499773055315017700e-03
3.905280493199825287e-03
-3.788147866725921631e-02
-7.885935902595520020e-02
-1.332716047763824463e-01
4.774815868586301804e-03
2.264147624373435974e-03
3.332649171352386475e-02
-2.480619587004184723e-03
