-1.813535541296005249e-01
1.181953102350234985e-01
1.198589727282524109e-01
-1.499924510717391968e-01
-1.360092461109161377e-01
-6.002106890082359314e-02
-1.353152394294738770e-01
-6.543298810720443726e-02
4.184153676033020020e-02
-3.945136070251464844e-02
2.478058189153671265e-01
-4.225158691406250000e-02
-2.365105301141738892e-01
-9.875714778900146484e-02
4.049533605575561523e-02
1.034484580159187317e-01
-1.291207373142242432e-01
-2.957875654101371765e-02
-3.825404681265354156e-03
-1.481085121631622314e-01
7.897946238517761230e-02
9.741207957267761230e-02
5.509398877620697021e-02
7.046973705291748047e-02
-1.352337449789047241e-01
-3.250703513622283936e-01
-9.389550238847732544e-02
-6.232697516679763794e-02
-3.483816236257553101e-02
-8.422071486711502075e-02
4.948792606592178345e-02
8.720031380653381348e-02
-1.052510142326354980e-01
-5.131301283836364746e-02
3.373693674802780151e-02
8.349651843309402466e-02
-6.630399823188781738e-02
-6.186744570732116699e-02
2.127283364534378052e-01
9.499558247625827789e-03
-5.972250178456306458e-02
2.892595157027244568e-02
3.498242795467376709e-02
3.122254014015197754e-01
1.712486594915390015e-01
-9.166291914880275726e-03
5.304346978664398193e-02
-4.529093205928802490e-02
2.162158042192459106e-01
-2.578626275062561035e-01
1.149948239326477051e-01
1.631408631801605225e-01
6.472811847925186157e-02
4.596327617764472961e-02
1.054010093212127686e-01
-9.485496580600738525e-02
2.853174693882465363e-02
2.075368314981460571e-01
-2.249656617641448975e-01
1.318048387765884399e-01
3.488825261592864990e-02
-1.118678301572799683e-01
-3.211729973554611206e-02
-1.525006145238876343e-01
2.100437581539154053e-01
1.171539574861526489e-01
-1.691245883703231812e-01
-1.346460580825805664e-01
1.129615679383277893e-01
-4.610460996627807617e-02
-1.138557568192481995e-01
9.518630802631378174e-02
-1.868786811828613281e-01
-1.677440404891967773e-01
-3.160776793956756592e-01
1.257018893957138062e-01
3.046438395977020264e-01
1.373015940189361572e-01
-2.481460720300674438e-01
-3.236962109804153442e-02
-6.602133065462112427e-02
-4.372303187847137451e-02
3.085847198963165283e-02
6.800384819507598877e-02
-6.423565745353698730e-02
-7.005767524242401123e-02
-6.116352975368499756e-02
-6.632758304476737976e-03
1.919172555208206177e-01
-4.724347963929176331e-04
-9.924563020467758179e-02
3.584893643856048584e-01
1.023677662014961243e-01
1.149221062660217285e-01
7.427480071783065796e-02
5.134186521172523499e-02
-1.097823530435562134e-01
-1.047700345516204834e-01
-1.648503243923187256e-01
1.222076639533042908e-02
-1.288617309182882309e-02
-1.867330074310302734e-01
-4.634133353829383850e-02
1.033430844545364380e-01
-1.955676674842834473e-01
2.420020550489425659e-01
1.228079199790954590e-02
2.857933379709720612e-02
-1.061540469527244568e-01
-8.969681337475776672e-03
-1.667583286762237549e-01
-1.521919853985309601e-02
1.708582043647766113e-01
-2.529229521751403809e-01
1.622112244367599487e-01
1.809751540422439575e-01
1.839026659727096558e-01
1.911982148885726929e-01
1.172997951507568359e-01
1.777585223317146301e-02
-4.102095961570739746e-03
-4.289321228861808777e-02
-4.368598759174346924e-02
-6.758642941713333130e-02
1.046908348798751831e-01
1.316496729850769043e-02
1.447366364300251007e-02
9.700009226799011230e-02
