-1.980545930564403534e-02
1.068685576319694519e-01
9.931021928787231445e-02
5.254330486059188843e-02
-7.386667281389236450e-02
-3.215858340263366699e-02
1.825187169015407562e-02
-7.670879364013671875e-02
1.428623050451278687e-01
-2.016732096672058105e-01
1.901171207427978516e-01
-5.296142399311065674e-02
-3.745645582675933838e-01
-4.564225673675537109e-02
1.871953532099723816e-02
2.003100663423538208e-01
-8.319009840488433838e-02
-9.469918161630630493e-02
-2.061603516340255737e-01
-1.171137839555740356e-01
2.776214480400085449e-02
6.228367984294891357e-02
-2.592596039175987244e-02
-8.840774744749069214e-02
-8.486372232437133789e-02
-3.502822220325469971e-01
-4.275572672486305237e-02
-1.223005913197994232e-02
-7.362807169556617737e-03
-8.247212320566177368e-02
5.012137815356254578e-02
-6.487878039479255676e-03
-9.965609014034271240e-02
-9.876967966556549072e-02
5.724928155541419983e-02
5.840899050235748291e-02
9.788760915398597717e-03
-3.401058167219161987e-02
2.231896817684173584e-01
-4.951401613652706146e-03
-1.625128686428070068e-01
8.095681667327880859e-02
5.792371183633804321e-02
2.244483679533004761e-01
8.899027854204177856e-02
3.376844339072704315e-03
8.742048591375350952e-02
-1.463260799646377563e-01
1.367755383253097534e-01
-3.112537562847137451e-01
1.198930852115154266e-02
2.566542103886604309e-02
1.215730980038642883e-01
1.024072468280792236e-01
1.546356379985809326e-01
-1.872444152832031250e-01
-5.268570035696029663e-02
1.973117589950561523e-01
-1.646879017353057861e-01
1.132724806666374207e-01
6.100858747959136963e-02
-1.642980277538299561e-01
-3.954704850912094116e-02
-1.436299178749322891e-02
1.760717332363128662e-01
8.591824211180210114e-03
-9.691327810287475586e-02
-1.227237656712532043e-01
2.134179472923278809e-01
-1.339090764522552490e-01
-3.473353013396263123e-02
2.361864782869815826e-03
-1.059612445533275604e-02
-7.772675901651382446e-02
-3.572969734668731689e-01
8.473167568445205688e-02
3.834889531135559082e-01
8.944085985422134399e-02
-1.837196052074432373e-01
-4.093548655509948730e-02
-5.980369076132774353e-02
-9.468981996178627014e-03
-1.886465772986412048e-02
5.663549154996871948e-02
-3.451203554868698120e-02
-9.254358708858489990e-02
-5.107402056455612183e-02
7.403399050235748291e-02
2.023461312055587769e-01
-6.139964610338211060e-02
1.933008618652820587e-02
2.127476185560226440e-01
3.603570163249969482e-02
3.844068944454193115e-02
-1.489815674722194672e-02
2.913432009518146515e-02
-2.058025151491165161e-01
-7.492538541555404663e-02
-1.039230972528457642e-01
-1.128371804952621460e-02
9.206172078847885132e-02
-1.459388434886932373e-01
8.748943358659744263e-02
1.100520715117454529e-01
-2.125389426946640015e-01
1.469501256942749023e-01
-1.181770414113998413e-01
-9.491637349128723145e-02
4.184405878186225891e-02
7.652442157268524170e-02
-3.521837666630744934e-02
2.761979773640632629e-02
1.720710545778274536e-01
-2.209911942481994629e-01
2.171216756105422974e-01
2.364826649427413940e-01
-1.028618216514587402e-02
1.332384943962097168e-01
2.705208025872707367e-02
5.546437948942184448e-02
2.884039282798767090e-02
2.552227675914764404e-02
-1.556454151868820190e-01
-1.655087918043136597e-01
-3.639300167560577393e-02
2.142433077096939087e-02
-1.138235162943601608e-02
5.478569120168685913e-02
