-1.231719851493835449e-01
7.705718278884887695e-02
1.708181798458099365e-01
-1.843548379838466644e-04
-1.507752388715744019e-01
-5.058345571160316467e-02
-5.048368871212005615e-02
-2.062238156795501709e-01
1.364232003688812256e-01
-1.393366307020187378e-01
1.630628705024719238e-01
-2.245931327342987061e-02
-2.658982872962951660e-01
2.765448205173015594e-02
-1.649844832718372345e-02
1.630546003580093384e-01
-9.872362017631530762e-02
-1.167497783899307251e-01
-7.473777234554290771e-02
-4.900222271680831909e-02
1.418781932443380356e-02
9.146520495414733887e-02
3.882709518074989319e-02
-6.263705343008041382e-02
-5.795145407319068909e-02
-2.489580065011978149e-01
-2.963117137551307678e-02
-2.460714057087898254e-02
7.607519626617431641e-02
1.820389553904533386e-02
-6.304248236119747162e-03
8.513429760932922363e-02
-2.071237564086914062e-01
-2.031252905726432800e-02
-5.080321803689002991e-03
1.234268322587013245e-01
-1.365564167499542236e-01
-7.183225452899932861e-02
2.067560255527496338e-01
-6.106861680746078491e-02
-1.918490380048751831e-01
-6.415201723575592041e-02
5.337683949619531631e-03
1.351447105407714844e-01
2.527162730693817139e-01
3.649406135082244873e-02
3.089028038084506989e-02
-1.152118891477584839e-01
5.128457769751548767e-02
-3.470786511898040771e-01
9.289197623729705811e-04
1.215164214372634888e-01
5.548802390694618225e-02
2.604632824659347534e-02
7.217786461114883423e-02
-1.953873932361602783e-01
-2.233511209487915039e-02
9.883976727724075317e-02
-1.699659228324890137e-01
6.433068215847015381e-02
1.046416610479354858e-01
-1.293169260025024414e-01
-5.160979460924863815e-03
-7.374701648950576782e-02
1.996125578880310059e-01
5.456560850143432617e-02
-3.190699219703674316e-02
-7.486395537853240967e-02
2.499531656503677368e-01
-1.804829090833663940e-01
-6.925197690725326538e-02
9.444213658571243286e-02
-5.534871295094490051e-02
-1.758506745100021362e-01
-2.483995258808135986e-01
-6.546795368194580078e-02
4.240602850914001465e-01
1.447619497776031494e-01
-1.026051193475723267e-01
1.521297637373209000e-02
-7.480879127979278564e-02
-4.155579209327697754e-02
3.252811729907989502e-02
-5.112139880657196045e-02
-5.918639712035655975e-03
-1.282296925783157349e-01
-1.204260662198066711e-01
-2.807252109050750732e-02
2.910602986812591553e-01
-1.011587083339691162e-01
2.907375991344451904e-02
2.281211763620376587e-01
3.588725998997688293e-02
-5.354474484920501709e-02
-3.148665279150009155e-02
-4.761306568980216980e-03
-4.442717880010604858e-02
-1.674853079020977020e-02
-1.438781917095184326e-01
-1.091292500495910645e-01
2.613967284560203552e-03
-1.134638935327529907e-01
6.201208010315895081e-02
1.492221653461456299e-01
-2.051216512918472290e-01
1.704182028770446777e-01
-5.176469311118125916e-02
-1.512804441154003143e-02
4.864942654967308044e-02
-5.004452168941497803e-02
-1.073128283023834229e-01
-5.386975128203630447e-03
2.297256141901016235e-01
-1.590132415294647217e-01
1.925232708454132080e-01
1.700429916381835938e-01
-2.985521405935287476e-02
1.481399387121200562e-01
3.065585345029830933e-02
1.446507722139358521e-01
-2.615720033645629883e-02
-1.930870115756988525e-02
-1.729511320590972900e-01
-1.514545232057571411e-01
1.957018114626407623e-02
-5.026073195040225983e-03
4.589033126831054688e-02
1.425666511058807373e-01
