2.757585607469081879e-02
1.240097060799598694e-01
1.238339394330978394e-01
-2.327578887343406677e-02
-1.681943535804748535e-01
-1.085142232477664948e-02
-3.964939713478088379e-02
-1.397499442100524902e-01
1.095428764820098877e-01
-3.375478833913803101e-02
2.744483351707458496e-01
-3.026639111340045929e-02
-1.367923468351364136e-01
1.534513197839260101e-02
-1.123506575822830200e-01
1.539023071527481079e-01
-7.335777580738067627e-02
-7.926197350025177002e-02
-1.928282380104064941e-01
-1.231869757175445557e-01
-6.101758778095245361e-02
1.053189020603895187e-02
7.542574778199195862e-03
7.390206307172775269e-02
-1.646753847599029541e-01
-1.687490791082382202e-01
-1.439880207180976868e-02
-3.429259359836578369e-02
1.280958652496337891e-01
-1.195734813809394836e-01
-7.753314077854156494e-02
-1.451425603590905666e-03
-2.070725560188293457e-01
-1.019115597009658813e-01
4.218055307865142822e-02
6.907090544700622559e-03
-3.519086912274360657e-02
-1.461091488599777222e-01
2.148416936397552490e-01
2.863640151917934418e-02
-1.968568861484527588e-01
1.298373639583587646e-01
1.096275374293327332e-01
2.586048245429992676e-01
1.919168382883071899e-01
-5.876881629228591919e-02
8.665571361780166626e-02
-6.375770270824432373e-02
1.632324308156967163e-01
-1.774758994579315186e-01
4.219274967908859253e-02
9.866341203451156616e-02
2.235912233591079712e-01
5.138432979583740234e-02
4.517086595296859741e-02
-1.591085046529769897e-01
-1.397645846009254456e-02
2.604448199272155762e-01
-1.550159454345703125e-01
1.138585284352302551e-01
7.431014627218246460e-02
-3.289227932691574097e-02
4.191325604915618896e-02
-3.266763314604759216e-02
1.537581682205200195e-01
1.256543695926666260e-01
-6.091785430908203125e-02
-1.460385322570800781e-01
1.251349151134490967e-01
-1.012291908264160156e-01
-3.901617974042892456e-02
4.777228832244873047e-02
-1.015317291021347046e-01
-1.124144569039344788e-01
-3.311226963996887207e-01
4.290214553475379944e-02
4.161854982376098633e-01
1.561919599771499634e-01
-2.051831036806106567e-01
-1.176429912447929382e-03
-1.095120012760162354e-01
3.972693532705307007e-02
1.850917562842369080e-02
2.503870055079460144e-04
-9.991438686847686768e-02
-3.774747252464294434e-02
-6.535546481609344482e-02
1.603248715400695801e-02
2.479999661445617676e-01
-2.229302749037742615e-02
-2.477319166064262390e-02
1.803160607814788818e-01
4.023405164480209351e-02
-1.120502278208732605e-01
-3.206445276737213135e-02
2.526523172855377197e-02
-1.933254599571228027e-01
1.252940390259027481e-02
-6.007944047451019287e-02
8.146711625158786774e-03
-5.051869899034500122e-02
-6.696895509958267212e-02
1.092918217182159424e-01
9.395991265773773193e-02
-2.892059981822967529e-01
9.434088319540023804e-02
-9.891521185636520386e-03
-3.423090279102325439e-02
6.938495673239231110e-03
1.081313267350196838e-01
-5.894302576780319214e-02
-4.639451205730438232e-02
1.530312001705169678e-01
-2.740510404109954834e-01
2.124406248331069946e-01
1.781813055276870728e-01
4.599923267960548401e-02
8.375561982393264771e-02
1.097109243273735046e-01
2.443991228938102722e-02
6.246852129697799683e-02
4.316956549882888794e-02
4.036415368318557739e-02
-1.237926483154296875e-01
3.766334149986505508e-03
-1.009057536721229553e-01
1.152647361159324646e-01
8.422307670116424561e-02
