-8.178327232599258423e-02
-1.489420235157012939e-02
6.872048974037170410e-02
-3.103000484406948090e-02
-3.666691854596138000e-02
-9.254528582096099854e-02
9.242618456482887268e-03
-6.147832423448562622e-02
1.088786423206329346e-01
-6.252370029687881470e-02
2.473377734422683716e-01
4.636168479919433594e-02
-2.360363304615020752e-01
2.376634627580642700e-02
-3.650614991784095764e-02
6.121174618601799011e-02
-1.215977147221565247e-01
-3.234432265162467957e-02
-1.259838938713073730e-01
-4.780504480004310608e-02
-1.189451292157173157e-02
5.218571424484252930e-02
9.218881279230117798e-02
6.305979937314987183e-02
-1.246575638651847839e-01
-2.795440256595611572e-01
-1.417348235845565796e-01
-8.824217319488525391e-02
9.228663891553878784e-02
-1.560211032629013062e-01
1.054253429174423218e-02
-3.813454136252403259e-02
-1.324387043714523315e-01
-7.026056945323944092e-02
5.371577106416225433e-03
4.641913250088691711e-02
-4.803197085857391357e-02
-1.104017347097396851e-01
2.200163304805755615e-01
9.841886162757873535e-02
-1.310772299766540527e-01
-2.074216026812791824e-03
1.184577122330665588e-03
3.790080547332763672e-01
1.418519467115402222e-01
3.855612501502037048e-02
4.737589880824089050e-02
-5.838783830404281616e-02
4.741443693637847900e-02
-2.674400508403778076e-01
1.401672512292861938e-01
5.260862410068511963e-02
8.425790071487426758e-02
1.845476776361465454e-02
1.613961160182952881e-01
-1.765602827072143555e-01
4.846773296594619751e-02
2.300784438848495483e-01
-1.762926429510116577e-01
1.592827886343002319e-01
2.264089323580265045e-02
8.961414545774459839e-02
6.750012189149856567e-02
-2.598608843982219696e-02
2.166087627410888672e-01
9.801443666219711304e-02
-1.384553462266921997e-01
-8.263188600540161133e-02
9.584778547286987305e-02
-1.945177316665649414e-01
-4.443083703517913818e-02
6.524006277322769165e-02
-8.412340283393859863e-02
-1.799949258565902710e-01
-2.593002319335937500e-01
9.841062128543853760e-04
3.675099313259124756e-01
1.673107147216796875e-01
-2.260101437568664551e-01
-2.201533876359462738e-02
-8.791999518871307373e-02
-9.955681860446929932e-02
1.072617843747138977e-01
7.360236346721649170e-02
-8.430914580821990967e-02
3.279374912381172180e-02
-1.327317953109741211e-01
-3.238837420940399170e-02
1.860769093036651611e-01
7.685960084199905396e-02
-3.799930214881896973e-02
2.472505867481231689e-01
7.583746686577796936e-03
-7.436189055442810059e-02
7.914268970489501953e-02
4.910478834062814713e-03
-2.202032953500747681e-01
-3.588872030377388000e-02
-1.309377700090408325e-01
-9.099151194095611572e-02
1.549171749502420425e-02
-1.070031300187110901e-01
-3.032057918608188629e-02
1.470603942871093750e-01
-2.275982350111007690e-01
2.138737142086029053e-01
-1.081163249909877777e-02
-7.012408971786499023e-02
3.194335103034973145e-02
2.240011654794216156e-02
-1.147664859890937805e-01
-3.080199100077152252e-02
1.876978278160095215e-01
-2.625494599342346191e-01
1.403099596500396729e-01
2.187841236591339111e-01
6.551656126976013184e-02
9.027060121297836304e-02
3.558693826198577881e-02
1.411721110343933105e-02
-2.621542662382125854e-02
9.194577485322952271e-02
-1.619013547897338867e-01
-2.506972290575504303e-02
-4.295353218913078308e-02
-1.284617781639099121e-01
7.121961563825607300e-02
1.104716118425130844e-02
