-1.424393802881240845e-01
3.865090012550354004e-02
-2.210406586527824402e-02
-3.653550148010253906e-02
-1.357611082494258881e-02
-7.883533090353012085e-02
-1.314181834459304810e-02
-1.699879467487335205e-01
1.570605039596557617e-01
-5.499748140573501587e-02
2.618100307881832123e-02
-6.880141794681549072e-02
-1.719248592853546143e-01
-3.959293663501739502e-02
-1.367590427398681641e-01
3.125858679413795471e-02
-1.905132979154586792e-01
-1.086174175143241882e-01
-3.655529767274856567e-02
-1.599664837121963501e-01
1.139994263648986816e-01
1.216129511594772339e-01
3.612920641899108887e-02
-2.372297458350658417e-03
-1.431348621845245361e-01
-2.447931766510009766e-01
-7.852187007665634155e-02
-1.308188587427139282e-01
1.404937505722045898e-01
-5.300914496183395386e-02
8.528473973274230957e-02
1.069121584296226501e-01
-2.646545469760894775e-01
-3.792604058980941772e-02
-1.528652012348175049e-02
6.479943543672561646e-02
-1.270537544041872025e-02
2.737535163760185242e-03
2.026457041501998901e-01
6.758940219879150391e-02
-1.394278109073638916e-01
3.406246006488800049e-02
4.784536361694335938e-02
2.912305295467376709e-01
2.422878444194793701e-01
4.969911277294158936e-02
-5.476297065615653992e-02
-7.147702574729919434e-02
9.510473906993865967e-02
-2.259036302566528320e-01
-3.538838028907775879e-02
2.332702577114105225e-01
5.113652721047401428e-02
6.093434989452362061e-02
5.935009941458702087e-02
-1.281353384256362915e-01
8.831398934125900269e-02
3.445822000503540039e-02
-2.459555268287658691e-01
6.370822340250015259e-02
9.157626330852508545e-02
-5.348674952983856201e-02
1.608799397945404053e-02
9.819397330284118652e-02
6.045864894986152649e-02
-3.715681377798318863e-03
-6.017655134201049805e-02
-1.127032488584518433e-01
1.480741202831268311e-01
-2.988195419311523438e-01
-3.177677467465400696e-02
7.554416358470916748e-02
-2.907791733741760254e-02
-1.520743221044540405e-01
-3.228782713413238525e-01
-3.567161038517951965e-03
3.491384685039520264e-01
1.586092561483383179e-01
-6.865654885768890381e-02
1.051365956664085388e-01
-4.053081199526786804e-02
-2.975948154926300049e-02
1.421653777360916138e-01
5.317114293575286865e-02
-1.428002715110778809e-01
-2.909117564558982849e-02
-8.103831112384796143e-02
-1.076273620128631592e-04
1.248728483915328979e-01
6.108374148607254028e-02
-5.911350995302200317e-02
1.880079060792922974e-01
2.770975045859813690e-02
-4.588580876588821411e-02
2.663927152752876282e-02
1.090577766299247742e-01
-1.707348674535751343e-01
-2.844961360096931458e-02
-8.713231235742568970e-02
-1.918145269155502319e-02
3.218694031238555908e-02
-6.140967085957527161e-02
1.627906784415245056e-02
2.049463540315628052e-01
-1.806155443191528320e-01
2.141993045806884766e-01
-6.479515135288238525e-02
-1.064020469784736633e-01
-1.035291925072669983e-01
-5.460392311215400696e-02
-3.031823411583900452e-02
5.778418481349945068e-02
9.202700853347778320e-02
-2.134101241827011108e-01
1.522204726934432983e-01
2.160902619361877441e-01
-5.683402344584465027e-02
1.592543423175811768e-01
5.665004625916481018e-02
1.566774770617485046e-02
-3.840581700205802917e-02
5.264032632112503052e-02
-1.545705348253250122e-01
-1.752320528030395508e-01
-4.650212451815605164e-02
-1.499350368976593018e-02
4.773359745740890503e-03
7.127619348466396332e-03
