1.229135412722826004e-02
6.629121303558349609e-02
-1.157233398407697678e-02
-1.380193047225475311e-02
-7.468695938587188721e-02
-4.686159640550613403e-02
3.813137114048004150e-02
-1.373046636581420898e-01
1.076487451791763306e-01
-3.883625566959381104e-02
1.659014374017715454e-01
-1.032981351017951965e-01
-2.409504503011703491e-01
-1.106697395443916321e-01
3.294650092720985413e-02
8.727934956550598145e-02
-2.826115675270557404e-02
-1.963125765323638916e-01
-1.437334269285202026e-01
1.033517532050609589e-03
-3.397359326481819153e-02
-7.912548258900642395e-03
-1.670370809733867645e-02
5.936633050441741943e-02
-1.527804732322692871e-01
-2.863692939281463623e-01
-6.477304548025131226e-02
-1.246154159307479858e-01
-7.636955939233303070e-03
-1.701653003692626953e-01
-4.500184208154678345e-02
1.602080464363098145e-01
-1.542319208383560181e-01
-9.837058186531066895e-02
3.014176338911056519e-02
7.447841763496398926e-02
-1.977229304611682892e-02
-5.128222331404685974e-02
2.056019008159637451e-01
1.152807921171188354e-01
-2.042634189128875732e-01
4.780949652194976807e-02
-1.557986345142126083e-02
3.527545630931854248e-01
2.140599042177200317e-01
-2.989004552364349365e-02
-2.067916467785835266e-02
-5.644451826810836792e-02
1.732997447252273560e-01
-2.856471240520477295e-01
1.535087525844573975e-01
1.238129362463951111e-01
1.931034028530120850e-01
5.799154937267303467e-02
1.595412492752075195e-01
-1.198465377092361450e-01
9.112819284200668335e-02
1.103551685810089111e-01
-2.589771449565887451e-01
1.058147400617599487e-01
9.293508529663085938e-02
-6.108438223600387573e-02
-1.371307298541069031e-02
-7.269117981195449829e-02
1.827927827835083008e-01
1.123146861791610718e-01
-5.335697531700134277e-02
-5.482188239693641663e-02
1.059870272874832153e-01
-1.296458542346954346e-01
-7.103910297155380249e-02
3.651119768619537354e-02
-1.130771860480308533e-01
-1.443507373332977295e-01
-3.072544336318969727e-01
9.449276328086853027e-02
2.586370110511779785e-01
1.520629227161407471e-01
-3.343645930290222168e-01
-1.019365340471267700e-02
2.028306946158409119e-03
-1.376264262944459915e-03
1.228590235114097595e-01
2.587406337261199951e-02
-6.327701359987258911e-02
-7.943233847618103027e-02
-1.163993850350379944e-01
-6.005935370922088623e-02
1.886740326881408691e-01
-1.003079302608966827e-02
-3.152487799525260925e-02
2.234794646501541138e-01
-5.764589831233024597e-02
-7.742864638566970825e-02
9.902728348970413208e-02
-8.191408123821020126e-04
-1.300350576639175415e-01
-2.640158310532569885e-02
-1.080319061875343323e-01
-3.660150617361068726e-02
1.008825227618217468e-01
-1.535024195909500122e-01
-6.158906221389770508e-02
1.344342976808547974e-01
-2.171050459146499634e-01
1.444500833749771118e-01
-4.765370860695838928e-02
-1.924679800868034363e-02
2.859569527208805084e-02
-9.157543629407882690e-02
-7.875806838274002075e-02
-1.722187735140323639e-02
1.589836925268173218e-01
-2.438214123249053955e-01
2.161449342966079712e-01
9.094271808862686157e-02
-3.588204458355903625e-02
3.848854452371597290e-02
5.713697522878646851e-03
3.732270002365112305e-02
-4.028920084238052368e-02
2.435437776148319244e-02
-1.365658044815063477e-01
-9.318597614765167236e-02
1.334981173276901245e-01
-1.455512456595897675e-02
-2.956401556730270386e-02
8.202529512345790863e-03
