-1.414980739355087280e-01
2.487890273332595825e-01
-3.536923229694366455e-02
-1.007644310593605042e-01
-1.553873121738433838e-01
2.006672881543636322e-02
-6.860498338937759399e-02
-8.193427324295043945e-02
1.659483015537261963e-01
-4.279674030840396881e-03
2.594915032386779785e-01
-8.265548944473266602e-02
-2.283452302217483521e-01
-4.729843884706497192e-02
-3.794232755899429321e-02
9.130313992500305176e-02
-2.295759916305541992e-01
-2.813882194459438324e-02
-8.823774755001068115e-02
-1.536228694021701813e-02
1.128207668662071228e-01
1.183799579739570618e-01
4.316702857613563538e-02
6.952919811010360718e-02
-5.934542044997215271e-02
-3.499464094638824463e-01
-4.051302000880241394e-02
-1.517943143844604492e-01
1.463508158922195435e-01
-1.385584175586700439e-01
4.368521645665168762e-02
-2.608894929289817810e-02
-1.239960715174674988e-01
-5.260482430458068848e-02
-1.103352382779121399e-02
1.170153170824050903e-02
-6.863763183355331421e-02
-6.909578293561935425e-02
1.944032162427902222e-01
-1.979658380150794983e-02
-1.142596527934074402e-01
6.738387048244476318e-02
5.564662069082260132e-02
2.973963618278503418e-01
1.626442670822143555e-01
3.636816516518592834e-02
2.007497847080230713e-02
-9.673132002353668213e-02
8.218116313219070435e-02
-2.701568305492401123e-01
1.111091077327728271e-01
2.064778357744216919e-01
1.473203152418136597e-01
6.276789307594299316e-02
1.371560096740722656e-01
-1.240556836128234863e-01
2.594304457306861877e-02
1.712580770254135132e-01
-2.395552843809127808e-01
1.037871241569519043e-01
1.269131600856781006e-01
4.175969585776329041e-02
-3.176482021808624268e-02
-7.834634184837341309e-02
2.462264001369476318e-01
1.483761221170425415e-01
-1.165768057107925415e-01
-9.800834953784942627e-02
1.465394441038370132e-02
-1.456799209117889404e-01
-1.210413873195648193e-01
1.599972322583198547e-02
-1.228311136364936829e-01
-1.785239726305007935e-01
-2.470701783895492554e-01
6.106770783662796021e-02
2.769890427589416504e-01
1.920352280139923096e-01
-1.975334733724594116e-01
6.531651318073272705e-02
-6.455878168344497681e-02
-1.215850003063678741e-03
7.695757597684860229e-02
3.479574620723724365e-02
-1.089562550187110901e-01
-1.313836276531219482e-01
-5.816916003823280334e-02
1.401027478277683258e-02
1.033873334527015686e-01
-6.615476310253143311e-02
1.441302336752414703e-02
2.931357622146606445e-01
4.612424224615097046e-02
-3.988192975521087646e-02
-1.290199905633926392e-02
-3.763353079557418823e-02
-8.487686514854431152e-02
-5.037286877632141113e-02
-8.611137047410011292e-03
2.140592038631439209e-02
3.307436034083366394e-02
-1.160721704363822937e-01
-2.379019558429718018e-02
5.247367918491363525e-02
-2.631694972515106201e-01
1.259802132844924927e-01
1.368818432092666626e-02
-1.206270232796669006e-02
6.075850501656532288e-02
-3.286408632993698120e-02
-5.661903694272041321e-02
-1.513195037841796875e-02
1.940183192491531372e-01
-2.805990874767303467e-01
3.079985976219177246e-01
1.489124149084091187e-01
2.359729073941707611e-02
1.763907372951507568e-01
6.456611305475234985e-02
8.085954189300537109e-02
3.184277564287185669e-02
3.147180378437042236e-02
-7.704882323741912842e-02
-7.716604322195053101e-02
6.542780995368957520e-02
-4.453923180699348450e-02
-2.973966673016548157e-02
2.137348242104053497e-02
