-1.472606509923934937e-01
1.001981720328330994e-01
9.853128343820571899e-03
-5.695654451847076416e-02
-2.293135784566402435e-02
-1.621324941515922546e-02
-2.503164298832416534e-02
-1.099124178290367126e-01
2.769587039947509766e-01
-1.226030737161636353e-01
2.319363355636596680e-01
-4.394798353314399719e-02
-3.003807663917541504e-01
-4.472974315285682678e-02
-8.321422338485717773e-02
1.859403103590011597e-01
-2.356692701578140259e-01
-7.588586956262588501e-02
-7.944355159997940063e-02
-1.364523768424987793e-01
1.743031591176986694e-01
6.310066580772399902e-02
5.917412042617797852e-02
1.642481982707977295e-01
-1.835192143917083740e-01
-3.338654339313507080e-01
-7.395549118518829346e-02
-1.195463538169860840e-01
6.335406750440597534e-02
-1.399622261524200439e-01
7.971657067537307739e-02
4.104909300804138184e-02
-1.161351054906845093e-01
6.057839840650558472e-02
8.378375321626663208e-03
9.169240295886993408e-02
-4.342731833457946777e-02
-8.334569633007049561e-02
1.998220980167388916e-01
2.222100831568241119e-02
-2.166738510131835938e-01
-6.790608912706375122e-02
-4.076010733842849731e-02
2.348555177450180054e-01
2.151278555393218994e-01
-2.104581706225872040e-02
1.941693201661109924e-02
-1.260170787572860718e-01
2.280065268278121948e-01
-2.946496605873107910e-01
-2.292158082127571106e-02
2.486224919557571411e-01
1.938833296298980713e-02
5.765619874000549316e-02
1.448063254356384277e-01
-1.577664762735366821e-01
-4.128135740756988525e-02
2.067544460296630859e-01
-2.235689908266067505e-01
-1.991778612136840820e-03
3.545339219272136688e-03
-6.973100453615188599e-02
-4.120716452598571777e-02
-8.138681948184967041e-02
4.057387262582778931e-02
9.248748421669006348e-02
-1.783545166254043579e-01
-1.888711303472518921e-01
1.696073710918426514e-01
-2.292146980762481689e-01
3.507540002465248108e-02
1.990101784467697144e-01
-1.307807862758636475e-01
-2.917803227901458740e-01
-2.167696207761764526e-01
1.116219162940979004e-02
3.810851275920867920e-01
1.684687286615371704e-01
-5.888637527823448181e-02
7.062563300132751465e-02
-4.144134372472763062e-02
-7.412678096443414688e-03
8.080707862973213196e-03
1.226924359798431396e-01
-3.354763612151145935e-02
1.933685131371021271e-02
-7.359878718852996826e-02
5.788356438279151917e-02
5.117198824882507324e-02
-4.201184958219528198e-02
2.784265018999576569e-02
3.395277559757232666e-01
-5.683119595050811768e-02
3.848167508840560913e-02
-1.511097792536020279e-02
6.881412118673324585e-02
-2.069432735443115234e-01
3.100658580660820007e-02
-3.414945304393768311e-02
-4.532407224178314209e-02
1.987513713538646698e-02
3.190726041793823242e-03
6.304790079593658447e-02
-2.519023045897483826e-02
-1.038928627967834473e-01
2.046378999948501587e-01
-6.810883432626724243e-02
4.342779517173767090e-02
-4.454504325985908508e-02
-4.653364419937133789e-02
-1.055684909224510193e-01
1.534589659422636032e-02
1.828968673944473267e-01
-2.857484817504882812e-01
1.522312164306640625e-01
1.521254628896713257e-01
-1.201774179935455322e-02
1.702598035335540771e-01
3.666320070624351501e-02
8.859004080295562744e-02
-1.067555230110883713e-02
-7.286294549703598022e-02
-1.415107846260070801e-01
-1.747940899804234505e-03
3.081880509853363037e-02
-7.896413654088973999e-02
-5.544008687138557434e-02
-1.377011090517044067e-01
