-1.209593713283538818e-01
5.946480482816696167e-02
8.398599177598953247e-02
-1.116997301578521729e-01
-7.021112740039825439e-02
-4.794206097722053528e-02
2.018974535167217255e-02
-1.216438412666320801e-01
3.077612817287445068e-01
-1.252802610397338867e-01
1.591084152460098267e-01
5.777298472821712494e-03
-2.522400617599487305e-01
1.856439933180809021e-02
-6.605512648820877075e-02
1.718886047601699829e-01
-1.359219849109649658e-01
-7.678942382335662842e-02
-5.890461802482604980e-02
-4.460032284259796143e-02
1.920186877250671387e-01
7.987765967845916748e-02
5.696422234177589417e-02
1.044987365603446960e-01
-1.442946344614028931e-01
-2.793813943862915039e-01
-8.405609428882598877e-02
-6.217149272561073303e-02
-1.215717941522598267e-01
-1.598608046770095825e-01
3.975721076130867004e-02
1.356102228164672852e-01
-1.285642087459564209e-01
-5.245925486087799072e-02
-1.838507503271102905e-02
7.418154925107955933e-02
-2.928137220442295074e-02
-1.759791374206542969e-01
1.565233767032623291e-01
6.317579746246337891e-02
-2.237560898065567017e-01
-1.304103247821331024e-02
2.012960053980350494e-02
2.257575392723083496e-01
1.942540705204010010e-01
-7.364564109593629837e-03
3.601922839879989624e-02
-1.502019762992858887e-01
1.514033824205398560e-01
-3.589355945587158203e-01
-3.186626732349395752e-02
9.690021723508834839e-02
-6.608153879642486572e-02
7.669215649366378784e-02
7.529923319816589355e-02
-2.268996238708496094e-01
8.588107675313949585e-02
3.211610391736030579e-02
-2.655767500400543213e-01
5.176508054137229919e-02
7.678046077489852905e-02
-1.868401020765304565e-01
-1.482857577502727509e-02
-6.852304935455322266e-02
1.696497946977615356e-01
1.678998172283172607e-01
-1.155041679739952087e-01
-1.936302930116653442e-01
1.159575432538986206e-01
-2.111349105834960938e-01
-8.063006401062011719e-02
1.130310669541358948e-01
-1.248465850949287415e-01
-2.186373770236968994e-01
-2.519221901893615723e-01
-4.902580380439758301e-02
3.402256965637207031e-01
1.656317561864852905e-01
-1.068481132388114929e-01
9.129724651575088501e-02
-1.617801636457443237e-01
1.702461205422878265e-02
-3.119890205562114716e-02
1.747521758079528809e-01
5.508422106504440308e-02
6.250172853469848633e-02
-7.007540762424468994e-02
-2.420260570943355560e-03
1.934226304292678833e-01
-7.809965871274471283e-03
-4.234794899821281433e-02
4.257756173610687256e-01
1.649597100913524628e-02
-3.004406578838825226e-03
1.640665158629417419e-02
5.536457151174545288e-02
-1.480867415666580200e-01
4.475732520222663879e-02
-5.639130622148513794e-02
-1.793338172137737274e-02
1.889570057392120361e-02
-7.626686990261077881e-02
4.333786293864250183e-02
9.111323952674865723e-02
-2.738789319992065430e-01
2.437066882848739624e-01
-1.288324594497680664e-01
3.451802954077720642e-02
-1.215265691280364990e-02
-1.202889606356620789e-01
-8.105191588401794434e-02
6.447550654411315918e-02
1.544122993946075439e-01
-3.013960421085357666e-01
1.532273739576339722e-01
1.837898343801498413e-01
9.805572032928466797e-02
1.853359639644622803e-01
5.583111662417650223e-03
9.824668616056442261e-02
8.381171151995658875e-03
-1.316869631409645081e-02
-1.866141259670257568e-01
8.823281154036521912e-03
3.165123239159584045e-02
-3.945250436663627625e-02
-8.167602121829986572e-03
6.108370423316955566e-02
