-1.479224562644958496e-01
6.607253849506378174e-02
2.095152251422405243e-02
1.608669757843017578e-02
-8.399613946676254272e-02
-5.267143249511718750e-02
-1.984679140150547028e-02
-1.581970304250717163e-01
1.016419529914855957e-01
-5.030510947108268738e-04
2.421987354755401611e-01
9.285595268011093140e-02
-2.331028133630752563e-01
-6.806942820549011230e-02
-9.039380401372909546e-02
4.010170698165893555e-02
-3.660681843757629395e-02
-1.334529668092727661e-01
-1.082933992147445679e-01
-8.606670796871185303e-02
-9.554536640644073486e-02
3.812973946332931519e-02
6.566949933767318726e-02
7.018750160932540894e-02
-6.938378512859344482e-02
-2.985680699348449707e-01
-6.397461891174316406e-02
-1.287343204021453857e-01
6.118219718337059021e-02
-7.667241990566253662e-02
-1.767500303685665131e-03
-3.486539795994758606e-02
-1.891569793224334717e-01
-9.000073373317718506e-02
5.922384187579154968e-02
6.300459802150726318e-02
4.813712555915117264e-03
-1.808973774313926697e-02
2.829912900924682617e-01
-5.599728319793939590e-03
-1.213083118200302124e-01
-2.096819132566452026e-02
7.508437335491180420e-02
3.163551986217498779e-01
5.138615146279335022e-02
4.111718758940696716e-02
7.260109484195709229e-02
-7.302317023277282715e-02
1.251302659511566162e-01
-1.590228527784347534e-01
1.003718823194503784e-01
1.244145184755325317e-01
1.169968992471694946e-01
-2.049358375370502472e-02
3.118418157100677490e-02
-2.056626230478286743e-01
1.530243270099163055e-02
1.149815618991851807e-01
-2.040275782346725464e-01
1.327852606773376465e-01
5.591692775487899780e-02
1.212511770427227020e-02
-7.841843366622924805e-02
3.041790798306465149e-03
2.593592107295989990e-01
1.513702720403671265e-01
-7.321114838123321533e-02
-1.767811924219131470e-01
1.528095453977584839e-01
-2.125586867332458496e-01
1.898017339408397675e-02
9.389547258615493774e-02
-7.896129786968231201e-02
-1.505366712808609009e-01
-1.693332642316818237e-01
4.461303725838661194e-02
4.391629099845886230e-01
1.370817571878433228e-01
-1.560433655977249146e-01
3.976199030876159668e-02
-1.746206283569335938e-01
-3.697633743286132812e-02
8.699683845043182373e-02
-3.756916150450706482e-02
-1.021239161491394043e-01
5.730528756976127625e-02
-1.435251981019973755e-01
-2.107827551662921906e-02
2.401419430971145630e-01
7.641237229108810425e-02
-4.901668056845664978e-02
1.755759567022323608e-01
4.159566015005111694e-02
2.003538608551025391e-02
1.032692790031433105e-01
1.913003809750080109e-02
-1.530772745609283447e-01
-6.892020814120769501e-03
-1.039802730083465576e-01
-4.390251822769641876e-03
1.552451588213443756e-02
-7.502737641334533691e-02
1.165625154972076416e-01
2.924845553934574127e-02
-1.666599810123443604e-01
9.660664200782775879e-02
-1.837220741435885429e-03
1.850338280200958252e-02
5.184449627995491028e-02
1.057628244161605835e-01
-1.158097609877586365e-01
-1.395379602909088135e-01
1.633930802345275879e-01
-2.619295716285705566e-01
2.777385413646697998e-01
7.950329035520553589e-02
2.577044814825057983e-02
1.419330835342407227e-01
8.518032729625701904e-02
7.463267445564270020e-02
1.230262219905853271e-03
2.750371396541595459e-02
-7.221525162458419800e-02
-9.266909211874008179e-02
-5.358873866498470306e-03
-9.993509948253631592e-02
1.394849866628646851e-01
3.639876842498779297e-02
