-2.439886480569839478e-01
1.432107985019683838e-01
1.586622372269630432e-02
-1.013455316424369812e-01
-2.002649009227752686e-01
-1.614135317504405975e-02
-7.190463691949844360e-02
-7.129049301147460938e-02
4.206093400716781616e-02
2.799309417605400085e-02
3.309475779533386230e-01
1.740868389606475830e-02
-2.361830323934555054e-01
2.628428488969802856e-02
-9.610012918710708618e-02
9.894020855426788330e-02
-1.489838212728500366e-01
-9.299284219741821289e-02
-1.315231770277023315e-01
-1.153811588883399963e-01
5.830358713865280151e-02
-1.215086877346038818e-02
8.844545111060142517e-03
4.947502166032791138e-02
-1.988249123096466064e-01
-1.911117732524871826e-01
-6.340295821428298950e-02
-7.683265209197998047e-02
1.997658908367156982e-01
-2.128567695617675781e-01
-3.019691444933414459e-03
-1.293058097362518311e-01
-2.072208523750305176e-01
-3.867815434932708740e-02
2.265679277479648590e-02
8.195315301418304443e-02
-5.421597883105278015e-02
-1.294273883104324341e-01
2.983908057212829590e-01
-3.929001465439796448e-02
-1.180825605988502502e-01
1.461342722177505493e-02
1.158480793237686157e-01
2.370211631059646606e-01
1.717718839645385742e-01
1.749821938574314117e-03
8.526802062988281250e-02
-3.502236306667327881e-02
3.475150465965270996e-02
-2.729779779911041260e-01
8.550022542476654053e-02
1.359146833419799805e-01
1.199570223689079285e-01
6.890879571437835693e-02
7.261309027671813965e-02
-2.009999155998229980e-01
-6.109528243541717529e-03
1.933318972587585449e-01
-1.041046082973480225e-01
1.102872267365455627e-01
5.649311095476150513e-02
-9.044650942087173462e-04
-1.025272458791732788e-01
-7.573987543582916260e-02
1.700188070535659790e-01
9.926461428403854370e-02
-1.090391874313354492e-01
-1.875494867563247681e-01
1.375853121280670166e-01
-1.448503285646438599e-01
-5.371184274554252625e-02
1.732914149761199951e-01
-5.503490567207336426e-02
-1.685492694377899170e-01
-2.024945914745330811e-01
8.025001734495162964e-02
4.141186475753784180e-01
1.786851137876510620e-01
-2.035232186317443848e-01
2.063744142651557922e-02
-3.098000399768352509e-02
-8.312737196683883667e-02
4.357613995671272278e-02
-4.434696957468986511e-02
-8.920823037624359131e-02
-2.916305698454380035e-02
-1.430502980947494507e-01
7.425561547279357910e-02
2.412724941968917847e-01
-1.549305766820907593e-02
4.809863492846488953e-02
1.876527369022369385e-01
9.892792254686355591e-02
3.517602570354938507e-03
4.376575350761413574e-02
1.296381950378417969e-01
-1.194885075092315674e-01
-4.413826018571853638e-02
2.038568444550037384e-02
2.358848601579666138e-02
1.186224967241287231e-01
-1.117424592375755310e-01
1.239060424268245697e-02
8.929331600666046143e-02
-1.524692177772521973e-01
1.171850115060806274e-01
-3.896107524633407593e-02
-4.891397431492805481e-02
-7.676541805267333984e-02
1.081812381744384766e-02
-4.783515632152557373e-02
-1.008496899157762527e-02
1.804177463054656982e-01
-2.859202921390533447e-01
2.292829602956771851e-01
2.591792941093444824e-01
-7.066190242767333984e-02
6.742317974567413330e-02
1.237719431519508362e-01
3.583263233304023743e-02
7.613112777471542358e-02
7.749214023351669312e-02
-8.998592942953109741e-02
-1.345911324024200439e-01
-6.982463598251342773e-02
-1.535866707563400269e-01
4.376616328954696655e-02
2.858004532754421234e-02
