-4.755390435457229614e-02
8.782289177179336548e-02
4.083832353353500366e-02
-3.212402760982513428e-02
-5.096038803458213806e-02
8.245143108069896698e-03
2.374822460114955902e-02
-1.131619513034820557e-01
1.046892330050468445e-01
-7.770465314388275146e-02
1.376806646585464478e-01
-6.355192512273788452e-02
-2.643197178840637207e-01
-1.124903652817010880e-02
-5.714577436447143555e-02
6.888183951377868652e-02
-1.367733925580978394e-01
-1.339348405599594116e-01
-2.007562518119812012e-01
-1.372871100902557373e-01
-7.767637073993682861e-02
3.858492150902748108e-02
8.805072307586669922e-02
-3.457972779870033264e-02
-8.097720146179199219e-02
-3.024260997772216797e-01
-1.162911057472229004e-01
-1.390059888362884521e-01
1.135468631982803345e-01
-1.238177493214607239e-01
2.105652168393135071e-02
-1.196439843624830246e-02
-1.090675368905067444e-01
-6.033452227711677551e-03
5.281819030642509460e-02
1.847071945667266846e-02
-4.045572876930236816e-02
-1.459711641073226929e-01
2.596181035041809082e-01
5.728004500269889832e-03
-8.301113545894622803e-02
7.410509884357452393e-02
7.265959680080413818e-02
2.436396032571792603e-01
2.280455380678176880e-01
-7.907027378678321838e-03
-3.087530657649040222e-02
-1.092766523361206055e-01
1.159660890698432922e-01
-2.515118122100830078e-01
1.206641867756843567e-01
1.490139961242675781e-01
1.401104032993316650e-01
8.703717589378356934e-02
1.513743102550506592e-01
-8.116468787193298340e-02
2.983877435326576233e-03
1.361352056264877319e-01
-1.593205928802490234e-01
1.299217790365219116e-01
4.759804159402847290e-02
-5.105832219123840332e-02
-1.210167631506919861e-01
-9.730271995067596436e-02
6.654178351163864136e-02
1.536018997430801392e-01
-1.170586645603179932e-01
-1.524397879838943481e-01
1.495973318815231323e-01
-2.417595237493515015e-01
-5.508976802229881287e-02
2.710723504424095154e-02
-7.053282111883163452e-02
-1.013137400150299072e-01
-1.833105981349945068e-01
5.155634880065917969e-02
3.766544759273529053e-01
1.821196079254150391e-01
-1.765371859073638916e-01
-3.611380606889724731e-02
-2.738769166171550751e-02
-6.914511322975158691e-02
-8.435339666903018951e-03
7.621105015277862549e-02
-1.719028204679489136e-01
-1.618877947330474854e-01
-1.074361428618431091e-02
6.102580577135086060e-03
1.631785333156585693e-01
-4.302555695176124573e-03
-6.668473780155181885e-02
1.693579107522964478e-01
-5.355268716812133789e-02
-4.349525086581707001e-03
1.603443361818790436e-02
2.602072432637214661e-03
-1.205027624964714050e-01
-3.655395284295082092e-02
-5.616848915815353394e-02
-1.948285847902297974e-03
6.505699455738067627e-02
-2.011142820119857788e-01
-3.313528373837471008e-02
9.207484126091003418e-02
-1.808966696262359619e-01
1.240510717034339905e-01
-5.767231062054634094e-02
-8.162924647331237793e-02
1.136301681399345398e-01
1.734465360641479492e-02
-5.468489602208137512e-02
1.457638386636972427e-02
2.305089831352233887e-01
-2.613778710365295410e-01
2.252639532089233398e-01
2.292365729808807373e-01
-1.469025202095508575e-02
7.985806465148925781e-02
4.653775691986083984e-02
1.199040636420249939e-01
5.162719637155532837e-02
8.478225767612457275e-02
-1.494921296834945679e-01
-1.566864699125289917e-01
-5.072056874632835388e-02
-5.279169417917728424e-03
-6.908543407917022705e-02
1.320715527981519699e-02
