-7.601876277476549149e-04
1.192252710461616516e-01
5.566544830799102783e-02
-9.903573244810104370e-02
-1.159460693597793579e-01
2.087482064962387085e-02
-1.060178726911544800e-01
2.370736002922058105e-02
2.254249155521392822e-01
-4.977965354919433594e-02
1.316090524196624756e-01
-3.785457834601402283e-02
-1.905051767826080322e-01
3.098239190876483917e-02
-1.190168261528015137e-01
1.176546365022659302e-01
-2.092199623584747314e-01
-1.063226461410522461e-01
-1.274024099111557007e-01
-1.294223964214324951e-01
-3.792112320661544800e-02
1.019442677497863770e-01
-1.473912969231605530e-03
3.876941278576850891e-02
-1.774039566516876221e-01
-2.873069345951080322e-01
-1.424964610487222672e-02
-1.797302961349487305e-01
7.825677841901779175e-02
-2.223551720380783081e-01
2.112164162099361420e-02
7.233201712369918823e-02
-1.477432250976562500e-01
-1.706890389323234558e-02
1.738190278410911560e-02
7.707723975181579590e-02
-2.698651282116770744e-03
-8.064387738704681396e-02
2.011572271585464478e-01
1.232694238424301147e-01
-1.296408772468566895e-01
-2.855685539543628693e-03
3.919769078493118286e-03
2.884323894977569580e-01
1.567936986684799194e-01
6.248649209737777710e-02
1.890631951391696930e-02
-2.834273874759674072e-02
1.702815890312194824e-01
-1.839155405759811401e-01
1.075416877865791321e-01
1.883072853088378906e-01
1.127848327159881592e-01
7.811148464679718018e-02
1.520715802907943726e-01
-1.841300725936889648e-01
7.383497059345245361e-02
1.687337756156921387e-01
-1.541817188262939453e-01
1.016713157296180725e-01
5.804168060421943665e-02
-3.983889892697334290e-02
-3.405209258198738098e-02
1.114940084517002106e-02
1.380968838930130005e-01
2.770924009382724762e-02
-5.265983194112777710e-02
-1.319577842950820923e-01
1.258143037557601929e-01
-1.260027140378952026e-01
-7.636314630508422852e-02
4.908407106995582581e-02
-6.114611774682998657e-02
-8.274892717599868774e-02
-2.314914166927337646e-01
4.582981765270233154e-02
3.450135588645935059e-01
1.205481290817260742e-01
-2.090451419353485107e-01
2.712567523121833801e-02
2.436308655887842178e-03
-1.033371612429618835e-01
1.992245018482208252e-02
8.244112133979797363e-02
-1.640017926692962646e-01
-4.489763453602790833e-02
-7.743152976036071777e-02
-3.298730403184890747e-02
1.355471312999725342e-01
3.606202080845832825e-02
2.865566499531269073e-02
1.326350867748260498e-01
-4.540954530239105225e-02
-8.182154595851898193e-02
-9.924517944455146790e-04
-2.684613130986690521e-02
-2.329316735267639160e-01
4.283143207430839539e-02
1.249389629811048508e-02
-6.155087798833847046e-02
1.298345178365707397e-01
-1.297198235988616943e-01
-1.033509522676467896e-01
8.013965189456939697e-02
-2.522290349006652832e-01
1.302185058593750000e-01
-4.958155378699302673e-02
-1.047347784042358398e-01
2.924006432294845581e-03
4.833314940333366394e-02
-8.251961320638656616e-02
-4.122908040881156921e-02
2.695931196212768555e-01
-2.363780885934829712e-01
1.732925921678543091e-01
2.084775120019912720e-01
-6.262580864131450653e-03
1.440548151731491089e-01
8.607251942157745361e-02
1.139902547001838684e-01
1.478460524231195450e-02
6.261743605136871338e-02
-1.264852285385131836e-01
-1.698551923036575317e-01
-6.440349854528903961e-03
-4.716923832893371582e-02
-3.527818247675895691e-02
1.096120756119489670e-02
