-7.402646541595458984e-02
6.502033770084381104e-02
4.984679073095321655e-02
-7.090116292238235474e-02
-1.509738117456436157e-01
-2.820643410086631775e-02
-1.561044342815876007e-02
-8.432689309120178223e-02
1.861718744039535522e-01
-5.850671604275703430e-02
1.973851621150970459e-01
-6.614823639392852783e-02
-2.388318628072738647e-01
-4.645353555679321289e-02
-7.051087170839309692e-02
1.632187813520431519e-01
-1.418697088956832886e-01
-1.304530650377273560e-01
-7.266013324260711670e-02
-6.654220819473266602e-02
9.546639770269393921e-02
1.190006062388420105e-01
-1.139338780194520950e-02
1.697889864444732666e-01
-1.003924310207366943e-01
-2.348776757717132568e-01
1.734395697712898254e-02
-5.726292729377746582e-02
-4.190399125218391418e-02
-1.688446253538131714e-01
4.041973501443862915e-02
1.797169446945190430e-01
-1.290475577116012573e-01
2.466676756739616394e-03
-1.709116995334625244e-02
1.887918412685394287e-01
-6.439395993947982788e-02
-1.391048282384872437e-01
1.653469502925872803e-01
5.000571534037590027e-02
-1.800938248634338379e-01
-2.355543524026870728e-02
-1.221685670316219330e-02
1.992822438478469849e-01
2.336624115705490112e-01
-4.261688143014907837e-02
3.376656770706176758e-02
-1.447738409042358398e-01
1.095501184463500977e-01
-3.200269937515258789e-01
-8.408304303884506226e-03
2.005525231361389160e-01
-9.810251183807849884e-03
9.671391546726226807e-02
-3.628009930253028870e-03
-2.214605510234832764e-01
-1.599388569593429565e-02
9.442792832851409912e-02
-2.124589681625366211e-01
1.590535975992679596e-04
6.471224129199981689e-02
-1.236205101013183594e-01
-1.863195747137069702e-02
-1.285744458436965942e-01
1.285575628280639648e-01
8.304809778928756714e-02
-1.235413029789924622e-01
-1.859211623668670654e-01
1.433935463428497314e-01
-2.273926734924316406e-01
-1.727363467216491699e-01
1.528874933719635010e-01
-8.008556067943572998e-02
-2.157438993453979492e-01
-2.382001131772994995e-01
8.589463680982589722e-02
3.496065139770507812e-01
1.766627877950668335e-01
-1.401332169771194458e-01
4.875013232231140137e-02
-5.180364847183227539e-02
-5.986000597476959229e-02
-2.857099287211894989e-02
1.347965449094772339e-01
5.404408276081085205e-02
-3.088015690445899963e-02
-1.220322176814079285e-01
2.332070842385292053e-02
1.393796950578689575e-01
-6.116474047303199768e-03
2.924297004938125610e-03
3.108881413936614990e-01
4.514337331056594849e-02
4.565962031483650208e-02
2.045276202261447906e-02
7.242748141288757324e-02
-6.556652486324310303e-02
1.491431593894958496e-01
-7.835046947002410889e-02
3.405719250440597534e-02
-7.328744046390056610e-03
-3.364749625325202942e-02
3.005447611212730408e-02
2.152558788657188416e-02
-7.005515694618225098e-02
2.435958981513977051e-01
-6.932843476533889771e-02
-3.253041766583919525e-03
-6.200929731130599976e-02
-1.271409094333648682e-01
-1.147863715887069702e-01
4.359545558691024780e-02
2.234849631786346436e-01
-2.635868787765502930e-01
1.590116173028945923e-01
1.136608719825744629e-01
1.436951607465744019e-01
2.018513381481170654e-01
9.633591026067733765e-02
1.721468716859817505e-01
4.221133887767791748e-02
-1.058214530348777771e-01
-1.923812031745910645e-01
-5.080849397927522659e-03
5.354988947510719299e-02
-4.773759841918945312e-02
-2.204228937625885010e-02
7.952104508876800537e-02
