-3.536245226860046387e-02
1.775813251733779907e-01
2.738777920603752136e-02
-3.676373045891523361e-03
-1.607215255498886108e-01
1.263889521360397339e-01
1.906156912446022034e-02
-3.906165808439254761e-02
2.218585163354873657e-01
-8.465085923671722412e-02
2.630620598793029785e-01
4.994648508727550507e-03
-2.058293968439102173e-01
-7.407905161380767822e-02
-1.095773577690124512e-01
1.013001799583435059e-01
-1.176550462841987610e-01
-1.006145775318145752e-01
-1.368797719478607178e-01
-1.410959362983703613e-01
3.562647150829434395e-03
5.676973983645439148e-02
-7.842074334621429443e-02
3.153939265757799149e-03
-2.254316061735153198e-01
-2.786855697631835938e-01
1.014434732496738434e-03
-6.080382317304611206e-02
7.101833820343017578e-02
-2.392231822013854980e-01
-2.650095149874687195e-02
1.501925140619277954e-01
-1.516883969306945801e-01
-2.605145610868930817e-02
-2.781580761075019836e-02
7.375338673591613770e-02
-1.062407270073890686e-01
-4.072484374046325684e-02
1.651338040828704834e-01
2.844701893627643585e-02
-1.005577892065048218e-01
1.204478293657302856e-01
-1.430254988372325897e-02
3.468500971794128418e-01
2.742426991462707520e-01
-6.410112138837575912e-03
-2.882491797208786011e-02
-1.055952757596969604e-01
2.185307294130325317e-01
-3.214821517467498779e-01
3.517545014619827271e-02
2.184285670518875122e-01
4.446742683649063110e-02
8.243475854396820068e-02
1.514591425657272339e-01
-1.398476362228393555e-01
-4.094734042882919312e-02
9.589953720569610596e-02
-1.300833821296691895e-01
-1.563090831041336060e-02
-1.031564176082611084e-02
8.755404502153396606e-03
-2.718846313655376434e-02
-1.320401132106781006e-01
9.668062627315521240e-02
5.879797041416168213e-02
-5.214276164770126343e-02
-1.210255548357963562e-01
1.180030852556228638e-01
-1.848404407501220703e-01
-1.281885802745819092e-02
1.413333117961883545e-01
-7.683655619621276855e-02
-2.049113810062408447e-01
-2.348133623600006104e-01
1.423171162605285645e-01
4.218443632125854492e-01
2.670746743679046631e-01
-1.494480520486831665e-01
3.612771257758140564e-02
-2.510251104831695557e-02
-5.412129685282707214e-02
1.060383543372154236e-01
-3.757743909955024719e-02
-1.147890985012054443e-01
-9.664060175418853760e-02
-9.459275007247924805e-02
8.695731312036514282e-02
2.123826593160629272e-01
1.382498908787965775e-02
-3.961570933461189270e-02
2.378282546997070312e-01
3.172671422362327576e-02
-2.774812281131744385e-02
1.656988635659217834e-02
-2.298441156744956970e-02
-1.452376097440719604e-01
4.031709954142570496e-02
-1.016737967729568481e-01
-2.626481279730796814e-02
8.193358778953552246e-02
-9.290635585784912109e-02
-6.569011602550745010e-03
1.052690669894218445e-01
-1.701197922229766846e-01
2.228047400712966919e-01
-4.074232652783393860e-02
4.048550128936767578e-02
-3.481213003396987915e-03
-8.365260064601898193e-02
-1.295043975114822388e-01
1.124282106757164001e-01
2.294481247663497925e-01
-3.083483576774597168e-01
1.861074715852737427e-01
7.606465369462966919e-02
-2.696037292480468750e-03
1.244626864790916443e-01
1.222267970442771912e-01
1.578764431178569794e-02
-3.492543846368789673e-02
-4.185958206653594971e-02
-1.220835745334625244e-01
-8.770769834518432617e-02
6.587718427181243896e-02
-1.096486002206802368e-01
2.839012444019317627e-02
-3.753596171736717224e-02
