-2.413086779415607452e-02
1.468249410390853882e-01
-3.945194184780120850e-04
-2.547944895923137665e-02
-1.682073064148426056e-02
-8.222713321447372437e-02
-9.731445461511611938e-04
-2.029772847890853882e-01
1.287109553813934326e-01
-4.286551475524902344e-02
1.817906349897384644e-01
-3.109739720821380615e-02
-2.911768853664398193e-01
-6.269258260726928711e-02
9.320326149463653564e-03
1.360764354467391968e-01
-2.019228488206863403e-01
-1.490942239761352539e-01
-9.532017260789871216e-02
-1.697666049003601074e-01
-2.849268168210983276e-02
6.660704314708709717e-02
5.069536156952381134e-03
6.686400622129440308e-02
-1.711866706609725952e-01
-2.717244029045104980e-01
-1.162164658308029175e-01
-9.387898445129394531e-02
2.220097556710243225e-02
-9.536170214414596558e-02
4.068505764007568359e-02
4.062068089842796326e-02
-1.206233277916908264e-01
-3.547395765781402588e-02
1.018752530217170715e-01
6.225882098078727722e-03
-4.653714597225189209e-02
-5.438459664583206177e-02
2.620928287506103516e-01
1.681699156761169434e-01
-1.469660699367523193e-01
3.150493279099464417e-02
-1.769860275089740753e-02
3.539111316204071045e-01
2.543667554855346680e-01
3.771145641803741455e-02
2.499018982052803040e-02
-7.148878276348114014e-02
1.174080595374107361e-01
-1.892018467187881470e-01
7.219467312097549438e-02
1.780823171138763428e-01
1.070305481553077698e-01
2.491799741983413696e-02
5.870191380381584167e-02
-1.726535558700561523e-01
-4.409920424222946167e-02
1.322876214981079102e-01
-2.635430097579956055e-01
3.575826436281204224e-02
1.046517491340637207e-01
-1.836317926645278931e-01
-3.443500027060508728e-02
4.958457872271537781e-02
1.670580804347991943e-01
8.748503029346466064e-02
-1.512428224086761475e-01
-1.084030866622924805e-01
1.895329356193542480e-01
-1.839700192213058472e-01
-9.369935840368270874e-02
-6.216219626367092133e-03
-7.557788491249084473e-02
-1.527872383594512939e-01
-3.295515179634094238e-01
7.745172083377838135e-02
3.869910240173339844e-01
1.003697812557220459e-01
-2.186909765005111694e-01
-7.207042537629604340e-03
-3.673908486962318420e-02
1.742514222860336304e-02
1.415001153945922852e-01
1.062699705362319946e-01
-1.061842143535614014e-01
-8.656281977891921997e-02
-8.525679260492324829e-02
-4.629760980606079102e-02
1.428195983171463013e-01
2.144449763000011444e-02
-1.342750638723373413e-01
2.055919021368026733e-01
-6.732094287872314453e-02
-5.321660544723272324e-03
9.886025637388229370e-02
6.561075150966644287e-02
-1.644947081804275513e-01
-3.577839583158493042e-02
-7.371325045824050903e-02
-6.464325636625289917e-02
4.533206671476364136e-02
-7.368157804012298584e-02
2.134730853140354156e-02
1.464246362447738647e-01
-1.585457772016525269e-01
1.899782568216323853e-01
-4.961589351296424866e-03
-6.729269027709960938e-02
-7.462324202060699463e-02
-1.531228702515363693e-02
-1.114495843648910522e-01
-2.294389903545379639e-02
1.607777476310729980e-01
-3.152012228965759277e-01
2.118921428918838501e-01
1.945756524801254272e-01
-5.624354258179664612e-02
1.455760747194290161e-01
5.814943090081214905e-02
1.571574248373508453e-02
-1.219813898205757141e-02
-1.024563331156969070e-02
-1.195519417524337769e-01
-1.457908004522323608e-01
3.586526215076446533e-02
3.563044220209121704e-02
1.176933273673057556e-01
-1.543006114661693573e-02
