-1.217898204922676086e-01
1.211710348725318909e-01
1.164115294814109802e-01
1.671234704554080963e-02
3.088718280196189880e-02
-2.526481635868549347e-02
5.668007582426071167e-02
1.615843176841735840e-02
1.617623120546340942e-01
-8.815818279981613159e-02
3.347386419773101807e-01
-1.323522254824638367e-02
-1.983932703733444214e-01
-7.492252439260482788e-02
4.732604697346687317e-02
1.429090350866317749e-01
-1.212077289819717407e-01
-3.310702741146087646e-02
-1.075055077672004700e-01
-8.822175860404968262e-02
1.951913535594940186e-02
5.687088891863822937e-02
-8.781487122178077698e-03
9.642599523067474365e-02
-3.759622573852539062e-02
-2.557168304920196533e-01
-8.397858589887619019e-02
-1.274564713239669800e-01
8.034101128578186035e-02
-1.337127238512039185e-01
-4.558345302939414978e-02
1.493295375257730484e-02
-1.799490749835968018e-01
-4.484297707676887512e-02
-7.663935422897338867e-02
-1.648343726992607117e-02
-2.289811894297599792e-02
-5.312920082360506058e-03
1.843184083700180054e-01
8.202931284904479980e-02
-1.069515049457550049e-01
-2.433970011770725250e-02
-7.395560294389724731e-02
3.417917490005493164e-01
1.963961720466613770e-01
-4.181739315390586853e-02
6.644798442721366882e-03
6.695404648780822754e-03
4.469303414225578308e-02
-2.098306417465209961e-01
3.071228973567485809e-02
7.786995172500610352e-02
2.143482714891433716e-01
7.748856395483016968e-02
2.924456261098384857e-03
-1.784319430589675903e-01
-7.583919912576675415e-02
1.646563783288002014e-02
-1.558595448732376099e-01
1.212231814861297607e-01
3.940994292497634888e-02
-1.307333111763000488e-01
-9.926383197307586670e-02
-4.520184919238090515e-02
3.019886612892150879e-01
9.320506453514099121e-02
-1.777126044034957886e-01
-1.838985085487365723e-01
2.015668600797653198e-01
-9.383045881986618042e-02
4.653660580515861511e-03
1.647567301988601685e-01
-1.385971605777740479e-01
-1.472343504428863525e-01
-2.552615404129028320e-01
1.618749797344207764e-01
3.458176255226135254e-01
9.427253156900405884e-02
-2.369311451911926270e-01
1.100087538361549377e-02
-2.139134705066680908e-01
2.915043011307716370e-02
2.306499984115362167e-03
1.387783288955688477e-01
-1.739153638482093811e-02
5.651101842522621155e-02
-9.000404179096221924e-02
4.020877182483673096e-02
7.269281893968582153e-02
-4.232520237565040588e-02
-1.201401799917221069e-01
2.378176152706146240e-01
-3.545692935585975647e-02
4.228226840496063232e-02
7.584909908473491669e-03
-1.603025384247303009e-02
-9.900555945932865143e-03
-4.510869085788726807e-02
-9.410516172647476196e-02
-1.519685145467519760e-03
1.105466764420270920e-02
-9.945241361856460571e-02
-2.537889964878559113e-02
5.466952174901962280e-02
-1.071370095014572144e-01
1.791292130947113037e-01
2.969294041395187378e-02
5.881221964955329895e-02
1.029508188366889954e-03
6.701755523681640625e-02
-1.598583757877349854e-01
-2.267567068338394165e-02
1.594565212726593018e-01
-3.183155059814453125e-01
2.056881785392761230e-01
1.105456277728080750e-01
3.842528536915779114e-02
1.111600324511528015e-01
5.840587615966796875e-02
1.371486634016036987e-01
-1.428723149001598358e-02
-2.845124900341033936e-02
-1.405800580978393555e-01
-8.434655144810676575e-03
6.718107312917709351e-02
-2.083067595958709717e-02
5.798529088497161865e-02
3.515443950891494751e-02
