-4.667106643319129944e-02
1.600058972835540771e-01
5.644366145133972168e-02
-6.529021263122558594e-02
-1.264071911573410034e-01
1.468244567513465881e-02
-8.622986078262329102e-02
-2.495371177792549133e-02
1.250559240579605103e-01
8.981646969914436340e-03
2.168864458799362183e-01
-2.683192119002342224e-02
-2.709850072860717773e-01
4.985863715410232544e-02
-1.248983200639486313e-02
1.101364269852638245e-01
-1.984159201383590698e-01
-4.953366518020629883e-02
-1.617773026227951050e-01
-1.632366180419921875e-01
-2.786123193800449371e-02
7.564595341682434082e-02
1.268099341541528702e-02
-3.216275945305824280e-02
-3.679782152175903320e-02
-2.708474695682525635e-01
-5.903559178113937378e-02
-8.715298026800155640e-02
2.008277326822280884e-01
-1.315974146127700806e-01
-9.872850030660629272e-03
2.342347614467144012e-02
-1.435257047414779663e-01
-9.061340987682342529e-02
1.008128747344017029e-03
-5.525236949324607849e-03
-6.499188393354415894e-02
-7.521363347768783569e-02
2.514545917510986328e-01
-9.163469076156616211e-04
-1.210623234510421753e-01
2.191346883773803711e-02
5.107807740569114685e-02
2.181580960750579834e-01
2.333141565322875977e-01
3.553017973899841309e-02
4.218643903732299805e-02
-1.191505491733551025e-01
7.159661501646041870e-02
-1.818509995937347412e-01
2.723495662212371826e-02
2.378175258636474609e-01
1.497905999422073364e-01
1.021111086010932922e-01
2.384306862950325012e-02
-1.321630477905273438e-01
8.253306150436401367e-04
1.148865967988967896e-01
-1.587915420532226562e-01
1.357791200280189514e-02
9.970318526029586792e-02
-9.423927217721939087e-02
-7.096700370311737061e-02
-4.193848744034767151e-02
1.978001296520233154e-01
6.660500168800354004e-02
-6.278187036514282227e-02
-1.573677062988281250e-01
2.302450388669967651e-01
-8.734896034002304077e-02
-1.256714314222335815e-01
2.927620522677898407e-02
-1.117636188864707947e-01
-7.597324252128601074e-02
-2.746733427047729492e-01
6.583975255489349365e-02
3.470141589641571045e-01
4.747956246137619019e-02
-1.818699091672897339e-01
7.509049773216247559e-02
-5.272998660802841187e-02
-1.088672578334808350e-01
-1.500303042121231556e-03
9.893411397933959961e-02
-1.714605242013931274e-01
-9.215358644723892212e-02
-4.467878863215446472e-02
6.754870712757110596e-02
1.433751136064529419e-01
-8.435593545436859131e-02
3.238113597035408020e-02
9.095024317502975464e-02
7.362011820077896118e-02
3.986215963959693909e-02
6.868786364793777466e-02
1.341301202774047852e-01
-1.271464228630065918e-01
-3.776130080223083496e-02
-1.312638223171234131e-01
-1.921198703348636627e-02
1.160695180296897888e-01
-8.262240886688232422e-02
2.558081876486539841e-03
1.432934701442718506e-01
-1.254215687513351440e-01
1.859100610017776489e-01
1.260743662714958191e-02
-9.718760102987289429e-02
-3.943525254726409912e-03
-3.695553541183471680e-02
6.592614948749542236e-02
-4.777073487639427185e-02
2.253601402044296265e-01
-1.642116308212280273e-01
1.944920420646667480e-01
1.841377317905426025e-01
-4.348778352141380310e-02
1.060210466384887695e-01
6.470816582441329956e-02
1.515807360410690308e-01
-1.393220573663711548e-02
3.021025657653808594e-02
-1.862302869558334351e-01
-1.283401846885681152e-01
-9.030752815306186676e-03
1.440395601093769073e-03
-3.367216885089874268e-02
7.117431610822677612e-02
