-1.314308941364288330e-01
1.231114044785499573e-01
5.887816846370697021e-02
-2.071344479918479919e-02
-9.994063293561339378e-04
-1.264035403728485107e-01
7.009208947420120239e-02
-9.807154536247253418e-02
1.255332231521606445e-01
7.126158475875854492e-02
2.843324840068817139e-01
-2.411047741770744324e-02
-1.779926270246505737e-01
-1.584893018007278442e-01
-2.167730778455734253e-02
1.456375122070312500e-01
-1.367734372615814209e-01
-1.143603399395942688e-01
5.718724802136421204e-03
-7.204996049404144287e-02
-3.884485922753810883e-04
2.801606617867946625e-02
-7.828751578927040100e-03
1.066849976778030396e-01
-7.561554014682769775e-02
-3.418700098991394043e-01
-1.101939603686332703e-01
-1.319414228200912476e-01
6.144064292311668396e-02
-2.431185543537139893e-02
5.662565305829048157e-02
1.548677533864974976e-01
-9.765677154064178467e-02
-4.932799935340881348e-02
6.079326570034027100e-02
5.542154610157012939e-02
9.434101730585098267e-02
-9.742601774632930756e-03
1.437346786260604858e-01
8.773598074913024902e-02
-6.538496166467666626e-02
-7.238137722015380859e-02
4.781881719827651978e-02
3.715109825134277344e-01
2.268368601799011230e-01
2.559133619070053101e-02
9.540222585201263428e-02
-1.545706763863563538e-04
6.747399270534515381e-02
-1.752024143934249878e-01
2.552046999335289001e-02
4.954304546117782593e-02
1.319429725408554077e-01
4.006871208548545837e-02
6.722200661897659302e-02
-1.714897453784942627e-01
-2.844653278589248657e-02
8.919271081686019897e-02
-2.674717307090759277e-01
5.409443378448486328e-02
-2.407850883901119232e-02
-2.858189307153224945e-02
-6.265102326869964600e-02
-5.584021657705307007e-02
3.079624474048614502e-01
1.352871358394622803e-01
-1.534303724765777588e-01
-1.013530194759368896e-01
1.848936825990676880e-01
-1.934678107500076294e-01
-6.938006728887557983e-02
2.424759790301322937e-02
-1.376864314079284668e-01
-7.679335772991180420e-02
-2.867261767387390137e-01
8.056823164224624634e-02
3.488608002662658691e-01
1.298303157091140747e-01
-2.125645577907562256e-01
4.811666905879974365e-02
-7.960602641105651855e-02
2.719330973923206329e-02
5.672223865985870361e-02
7.225414365530014038e-02
-8.786755800247192383e-02
2.054025232791900635e-02
-1.091824024915695190e-01
-1.115882396697998047e-01
1.254019290208816528e-01
7.278818637132644653e-02
-7.579898834228515625e-02
2.209844142198562622e-01
-9.375465661287307739e-02
4.702754318714141846e-02
4.045262560248374939e-02
-2.652040310204029083e-02
-4.527498781681060791e-02
6.189853884279727936e-03
-5.531849339604377747e-02
-8.244311809539794922e-02
-2.760959789156913757e-02
-7.006566226482391357e-02
4.532143473625183105e-02
9.624812006950378418e-02
-1.898892819881439209e-01
1.099029183387756348e-01
-9.604802355170249939e-03
9.676348417997360229e-02
-2.609989792108535767e-02
4.400585219264030457e-02
-4.161169379949569702e-02
-1.396499015390872955e-02
1.451670527458190918e-01
-2.721906304359436035e-01
1.953085809946060181e-01
1.226467043161392212e-01
-3.177908062934875488e-02
1.318989247083663940e-01
1.208536513149738312e-02
6.771796941757202148e-02
-3.262412548065185547e-02
-4.647608473896980286e-02
-4.346447438001632690e-02
2.045507309958338737e-03
3.965752571821212769e-02
-1.187556684017181396e-01
5.935667827725410461e-02
2.023752033710479736e-02
