-8.354161679744720459e-02
1.066941097378730774e-01
8.064033091068267822e-02
2.625930123031139374e-02
-3.942098468542098999e-02
-1.294909790158271790e-02
-7.008673250675201416e-02
-1.833199113607406616e-01
1.658971607685089111e-01
-1.191685274243354797e-01
1.924222856760025024e-01
-4.423536360263824463e-02
-2.020054310560226440e-01
-1.348461955785751343e-01
5.872399359941482544e-02
1.759583055973052979e-01
-1.504625529050827026e-01
-1.482485234737396240e-01
-9.895230084657669067e-02
-8.222673833370208740e-02
-2.185498178005218506e-02
-2.723475731909275055e-02
6.602908670902252197e-02
-3.760205209255218506e-02
-6.415911763906478882e-02
-3.492235541343688965e-01
-7.557956874370574951e-02
-1.419763267040252686e-01
8.072863519191741943e-02
-3.026981651782989502e-02
-6.646090000867843628e-02
8.070267736911773682e-03
-1.773916184902191162e-01
-1.191396117210388184e-01
4.745535179972648621e-02
9.670531749725341797e-02
-2.991764247417449951e-02
-3.404370695352554321e-02
1.961425840854644775e-01
-1.052184924483299255e-01
-2.129032313823699951e-01
-6.463895551860332489e-04
3.841351345181465149e-02
1.950832158327102661e-01
1.893238276243209839e-01
8.413806557655334473e-02
-1.316963694989681244e-02
-1.285874992609024048e-01
1.786475777626037598e-01
-1.386067718267440796e-01
2.852509729564189911e-02
1.549891680479049683e-01
9.795536845922470093e-02
7.648196071386337280e-02
3.755062073469161987e-02
-8.603288233280181885e-02
4.951219633221626282e-02
5.645124241709709167e-02
-1.635492444038391113e-01
-4.444444179534912109e-02
1.157933622598648071e-01
-6.649744510650634766e-02
-5.957926809787750244e-02
-1.668061688542366028e-02
2.382334023714065552e-01
6.336456537246704102e-02
-1.059086322784423828e-01
-1.468166708946228027e-01
1.154224723577499390e-01
-9.846076369285583496e-02
-3.826901316642761230e-02
3.127951547503471375e-02
-1.729127168655395508e-01
-1.327961534261703491e-01
-3.126143217086791992e-01
1.324317790567874908e-02
4.181516170501708984e-01
1.369198225438594818e-02
-1.520948857069015503e-01
2.504357509315013885e-02
-7.699510455131530762e-02
-2.063635364174842834e-02
8.551633358001708984e-02
1.282577663660049438e-01
-2.486300282180309296e-02
-3.790741413831710815e-02
-3.194035217165946960e-02
3.388103097677230835e-03
1.777531504631042480e-01
-1.197141706943511963e-01
-3.945111762732267380e-03
1.342402696609497070e-01
-2.757245302200317383e-02
7.502752542495727539e-02
-4.067260399460792542e-02
8.634747564792633057e-02
-7.305605709552764893e-02
4.876802489161491394e-02
-1.320061981678009033e-01
-2.617865800857543945e-02
1.241277232766151428e-01
3.382682800292968750e-02
5.083939060568809509e-02
1.070875152945518494e-01
-1.765672713518142700e-01
1.102936267852783203e-01
2.750299312174320221e-02
5.823584645986557007e-02
1.156414896249771118e-01
3.863122779875993729e-03
-7.081935554742813110e-02
-1.219968050718307495e-01
1.262307763099670410e-01
-2.251587957143783569e-01
2.151787728071212769e-01
2.090713679790496826e-01
-2.859738282859325409e-02
7.608149200677871704e-02
6.774547696113586426e-02
9.368574619293212891e-02
1.333006098866462708e-02
3.039045631885528564e-02
-2.211713641881942749e-01
-8.376628160476684570e-02
7.769913226366043091e-02
4.600404575467109680e-02
-1.545226108282804489e-02
2.035844698548316956e-02
